id	Y-M-D h:m:s	cenit	acimut	d	p1	p2	p3	r
1	2024-06-21 07:00:00	71.9124	-107.3110	640.7995	11.1788	0.0000	-10.8975	15.6115
1	2024-06-21 07:05:00	70.8699	-106.8122	640.7995	11.0928	0.0000	-11.0623	15.6660
1	2024-06-21 07:10:00	69.8245	-106.3167	640.7995	11.0049	0.0000	-11.2230	15.7183
1	2024-06-21 07:15:00	68.7763	-105.8243	640.7995	10.9152	0.0000	-11.3798	15.7684
1	2024-06-21 07:20:00	67.7253	-105.3347	640.7995	10.8240	0.0000	-11.5326	15.8164
1	2024-06-21 07:25:00	66.6717	-104.8476	640.7995	10.7313	0.0000	-11.6813	15.8624
1	2024-06-21 07:30:00	65.6157	-104.3628	640.7995	10.6374	0.0000	-11.8260	15.9062
1	2024-06-21 07:35:00	64.5572	-103.8800	640.7995	10.5424	0.0000	-11.9666	15.9481
1	2024-06-21 07:40:00	63.4965	-103.3988	640.7995	10.4464	0.0000	-12.1032	15.9880
1	2024-06-21 07:45:00	62.4335	-102.9191	640.7995	10.3496	0.0000	-12.2357	16.0258
1	2024-06-21 07:50:00	61.3685	-102.4406	640.7995	10.2522	0.0000	-12.3641	16.0617
1	2024-06-21 07:55:00	60.3013	-101.9628	640.7995	10.1544	0.0000	-12.4885	16.0957
1	2024-06-21 08:00:00	59.2323	-101.4856	640.7995	10.0561	0.0000	-12.6087	16.1278
1	2024-06-21 08:05:00	58.1614	-101.0086	640.7995	9.9577	0.0000	-12.7249	16.1579
1	2024-06-21 08:10:00	57.0886	-100.5314	640.7995	9.8591	0.0000	-12.8370	16.1862
1	2024-06-21 08:15:00	56.0142	-100.0538	640.7995	9.7607	0.0000	-12.9451	16.2125
1	2024-06-21 08:20:00	54.9382	-99.5753	640.7995	9.6624	0.0000	-13.0490	16.2370
1	2024-06-21 08:25:00	53.8605	-99.0956	640.7995	9.5644	0.0000	-13.1489	16.2595
1	2024-06-21 08:30:00	52.7814	-98.6143	640.7995	9.4669	0.0000	-13.2448	16.2803
1	2024-06-21 08:35:00	51.7009	-98.1310	640.7995	9.3700	0.0000	-13.3366	16.2991
1	2024-06-21 08:40:00	50.6191	-97.6451	640.7995	9.2737	0.0000	-13.4243	16.3160
1	2024-06-21 08:45:00	49.5360	-97.1563	640.7995	9.1782	0.0000	-13.5079	16.3311
1	2024-06-21 08:50:00	48.4517	-96.6640	640.7995	9.0837	0.0000	-13.5875	16.3442
1	2024-06-21 08:55:00	47.3663	-96.1678	640.7995	8.9901	0.0000	-13.6630	16.3554
1	2024-06-21 09:00:00	46.2798	-95.6669	640.7995	8.8977	0.0000	-13.7345	16.3647
1	2024-06-21 09:05:00	45.1924	-95.1608	640.7995	8.8066	0.0000	-13.8018	16.3721
1	2024-06-21 09:10:00	44.1040	-94.6488	640.7995	8.7167	0.0000	-13.8651	16.3775
1	2024-06-21 09:15:00	43.0149	-94.1302	640.7995	8.6284	0.0000	-13.9243	16.3809
1	2024-06-21 09:20:00	41.9250	-93.6042	640.7995	8.5415	0.0000	-13.9793	16.3823
1	2024-06-21 09:25:00	40.8345	-93.0698	640.7995	8.4563	0.0000	-14.0303	16.3816
1	2024-06-21 09:30:00	39.7434	-92.5262	640.7995	8.3728	0.0000	-14.0771	16.3789
1	2024-06-21 09:35:00	38.6519	-91.9722	640.7995	8.2911	0.0000	-14.1197	16.3740
1	2024-06-21 09:40:00	37.5599	-91.4067	640.7995	8.2112	0.0000	-14.1582	16.3670
1	2024-06-21 09:45:00	36.4677	-90.8284	640.7995	8.1334	0.0000	-14.1924	16.3578
1	2024-06-21 09:50:00	35.3753	-90.2359	640.7995	8.0576	0.0000	-14.2225	16.3464
1	2024-06-21 09:55:00	34.2829	-89.6275	640.7995	7.9840	0.0000	-14.2482	16.3327
1	2024-06-21 10:00:00	33.1905	-89.0014	640.7995	7.9125	0.0000	-14.2697	16.3166
1	2024-06-21 10:05:00	32.0983	-88.3555	640.7995	7.8433	0.0000	-14.2868	16.2982
1	2024-06-21 10:10:00	31.0065	-87.6875	640.7995	7.7765	0.0000	-14.2996	16.2774
1	2024-06-21 10:15:00	29.9152	-86.9948	640.7995	7.7121	0.0000	-14.3080	16.2541
1	2024-06-21 10:20:00	28.8246	-86.2743	640.7995	7.6501	0.0000	-14.3120	16.2283
1	2024-06-21 10:25:00	27.7349	-85.5225	640.7995	7.5907	0.0000	-14.3115	16.1999
1	2024-06-21 10:30:00	26.6463	-84.7353	640.7995	7.5338	0.0000	-14.3065	16.1689
1	2024-06-21 10:35:00	25.5591	-83.9081	640.7995	7.4796	0.0000	-14.2969	16.1352
1	2024-06-21 10:40:00	24.4737	-83.0354	640.7995	7.4280	0.0000	-14.2827	16.0988
1	2024-06-21 10:45:00	23.3903	-82.1106	640.7995	7.3792	0.0000	-14.2639	16.0596
1	2024-06-21 10:50:00	22.3095	-81.1261	640.7995	7.3332	0.0000	-14.2404	16.0177
1	2024-06-21 10:55:00	21.2316	-80.0727	640.7995	7.2900	0.0000	-14.2123	15.9729
1	2024-06-21 11:00:00	20.1573	-78.9393	640.7995	7.2496	0.0000	-14.1793	15.9252
1	2024-06-21 11:05:00	19.0874	-77.7127	640.7995	7.2121	0.0000	-14.1416	15.8745
1	2024-06-21 11:10:00	18.0226	-76.3763	640.7995	7.1776	0.0000	-14.0991	15.8210
1	2024-06-21 11:15:00	16.9642	-74.9101	640.7995	7.1459	0.0000	-14.0518	15.7644
1	2024-06-21 11:20:00	15.9134	-73.2890	640.7995	7.1173	0.0000	-13.9996	15.7049
1	2024-06-21 11:25:00	14.8720	-71.4815	640.7995	7.0917	0.0000	-13.9426	15.6425
1	2024-06-21 11:30:00	13.8422	-69.4474	640.7995	7.0690	0.0000	-13.8806	15.5770
1	2024-06-21 11:35:00	12.8270	-67.1358	640.7995	7.0494	0.0000	-13.8138	15.5086
1	2024-06-21 11:40:00	11.8303	-64.4804	640.7995	7.0328	0.0000	-13.7421	15.4372
1	2024-06-21 11:45:00	10.8571	-61.3958	640.7995	7.0193	0.0000	-13.6656	15.3629
1	2024-06-21 11:50:00	9.9146	-57.7706	640.7995	7.0089	0.0000	-13.5842	15.2858
1	2024-06-21 11:55:00	9.0124	-53.4616	640.7995	7.0015	0.0000	-13.4979	15.2058
1	2024-06-21 12:00:00	8.1642	-48.2887	640.7995	6.9972	0.0000	-13.4069	15.1231
1	2024-06-21 12:05:00	7.3885	-42.0385	640.7995	6.9960	0.0000	-13.3112	15.0377
1	2024-06-21 12:10:00	6.7106	-34.4904	640.7995	6.9978	0.0000	-13.2108	14.9497
1	2024-06-21 12:15:00	6.1630	-25.4881	640.7995	7.0027	0.0000	-13.1058	14.8593
1	2024-06-21 12:20:00	5.7829	-15.0741	640.7995	7.0106	0.0000	-12.9963	14.7666
1	2024-06-21 12:25:00	5.6045	-3.6385	640.7995	7.0216	0.0000	-12.8823	14.6716
1	2024-06-21 12:30:00	5.6470	8.0691	640.7995	7.0356	0.0000	-12.7640	14.5746
1	2024-06-21 12:35:00	5.9055	19.1873	640.7995	7.0527	0.0000	-12.6415	14.4758
1	2024-06-21 12:40:00	6.3538	29.0884	640.7995	7.0727	0.0000	-12.5149	14.3752
1	2024-06-21 12:45:00	6.9553	37.5276	640.7995	7.0958	0.0000	-12.3843	14.2731
1	2024-06-21 12:50:00	7.6738	44.5573	640.7995	7.1218	0.0000	-12.2499	14.1697
1	2024-06-21 12:55:00	8.4798	50.3708	640.7995	7.1507	0.0000	-12.1118	14.0652
1	2024-06-21 13:00:00	9.3504	55.1912	640.7995	7.1825	0.0000	-11.9703	13.9598
1	2024-06-21 13:05:00	10.2693	59.2206	640.7995	7.2173	0.0000	-11.8254	13.8539
1	2024-06-21 13:10:00	11.2245	62.6250	640.7995	7.2549	0.0000	-11.6774	13.7476
1	2024-06-21 13:15:00	12.2073	65.5346	640.7995	7.2953	0.0000	-11.5265	13.6412
1	2024-06-21 13:20:00	13.2117	68.0501	640.7995	7.3386	0.0000	-11.3728	13.5350
1	2024-06-21 13:25:00	14.2328	70.2492	640.7995	7.3846	0.0000	-11.2166	13.4292
1	2024-06-21 13:30:00	15.2673	72.1917	640.7995	7.4333	0.0000	-11.0581	13.3243
1	2024-06-21 13:35:00	16.3125	73.9240	640.7995	7.4848	0.0000	-10.8975	13.2203
1	2024-06-21 13:40:00	17.3664	75.4828	640.7995	7.5389	0.0000	-10.7350	13.1178
1	2024-06-21 13:45:00	18.4274	76.8969	640.7995	7.5956	0.0000	-10.5709	13.0168
1	2024-06-21 13:50:00	19.4943	78.1893	640.7995	7.6549	0.0000	-10.4054	12.9178
1	2024-06-21 13:55:00	20.5660	79.3787	640.7995	7.7168	0.0000	-10.2387	12.8211
1	2024-06-21 14:00:00	21.6417	80.4802	640.7995	7.7811	0.0000	-10.0712	12.7269
1	2024-06-21 14:05:00	22.7208	81.5062	640.7995	7.8479	0.0000	-9.9029	12.6355
1	2024-06-21 14:10:00	23.8027	82.4669	640.7995	7.9171	0.0000	-9.7342	12.5473
1	2024-06-21 14:15:00	24.8869	83.3711	640.7995	7.9887	0.0000	-9.5653	12.4625
1	2024-06-21 14:20:00	25.9730	84.2257	640.7995	8.0625	0.0000	-9.3965	12.3813
1	2024-06-21 14:25:00	27.0607	85.0371	640.7995	8.1386	0.0000	-9.2279	12.3041
1	2024-06-21 14:30:00	28.1498	85.8103	640.7995	8.2169	0.0000	-9.0599	12.2311
1	2024-06-21 14:35:00	29.2399	86.5497	640.7995	8.2973	0.0000	-8.8927	12.1624
1	2024-06-21 14:40:00	30.3308	87.2592	640.7995	8.3798	0.0000	-8.7264	12.0984
1	2024-06-21 14:45:00	31.4223	87.9422	640.7995	8.4644	0.0000	-8.5614	12.0392
1	2024-06-21 14:50:00	32.5143	88.6015	640.7995	8.5508	0.0000	-8.3979	11.9851
1	2024-06-21 14:55:00	33.6066	89.2395	640.7995	8.6392	0.0000	-8.2361	11.9360
1	2024-06-21 15:00:00	34.6990	89.8587	640.7995	8.7294	0.0000	-8.0761	11.8923
1	2024-06-21 15:05:00	35.7915	90.4608	640.7995	8.8213	0.0000	-7.9183	11.8540
1	2024-06-21 15:10:00	36.8838	91.0478	640.7995	8.9150	0.0000	-7.7629	11.8211
1	2024-06-21 15:15:00	37.9760	91.6210	640.7995	9.0102	0.0000	-7.6100	11.7939
1	2024-06-21 15:20:00	39.0678	92.1819	640.7995	9.1070	0.0000	-7.4598	11.7723
1	2024-06-21 15:25:00	40.1592	92.7318	640.7995	9.2052	0.0000	-7.3126	11.7563
1	2024-06-21 15:30:00	41.2501	93.2718	640.7995	9.3048	0.0000	-7.1685	11.7459
1	2024-06-21 15:35:00	42.3404	93.8029	640.7995	9.4057	0.0000	-7.0278	11.7412
1	2024-06-21 15:40:00	43.4300	94.3260	640.7995	9.5078	0.0000	-6.8905	11.7421
1	2024-06-21 15:45:00	44.5189	94.8420	640.7995	9.6110	0.0000	-6.7569	11.7485
1	2024-06-21 15:50:00	45.6069	95.3516	640.7995	9.7153	0.0000	-6.6271	11.7603
1	2024-06-21 15:55:00	46.6940	95.8556	640.7995	9.8204	0.0000	-6.5013	11.7774
1	2024-06-21 16:00:00	47.7801	96.3547	640.7995	9.9265	0.0000	-6.3797	11.7998
1	2024-06-21 16:05:00	48.8651	96.8493	640.7995	10.0332	0.0000	-6.2623	11.8272
1	2024-06-21 16:10:00	49.9490	97.3402	640.7995	10.1406	0.0000	-6.1494	11.8595
1	2024-06-21 16:15:00	51.0316	97.8278	640.7995	10.2486	0.0000	-6.0411	11.8966
1	2024-06-21 16:20:00	52.1130	98.3127	640.7995	10.3569	0.0000	-5.9375	11.9382
1	2024-06-21 16:25:00	53.1930	98.7952	640.7995	10.4656	0.0000	-5.8388	11.9842
1	2024-06-21 16:30:00	54.2716	99.2758	640.7995	10.5745	0.0000	-5.7449	12.0343
1	2024-06-21 16:35:00	55.3486	99.7550	640.7995	10.6835	0.0000	-5.6562	12.0884
1	2024-06-21 16:40:00	56.4241	100.2331	640.7995	10.7924	0.0000	-5.5726	12.1462
1	2024-06-21 16:45:00	57.4979	100.7105	640.7995	10.9012	0.0000	-5.4943	12.2075
1	2024-06-21 16:50:00	58.5700	101.1875	640.7995	11.0097	0.0000	-5.4214	12.2722
1	2024-06-21 16:55:00	59.6402	101.6645	640.7995	11.1178	0.0000	-5.3540	12.3398
1	2024-06-21 17:00:00	60.7086	102.1419	640.7995	11.2254	0.0000	-5.2921	12.4103
1	2024-06-21 17:05:00	61.7749	102.6199	640.7995	11.3323	0.0000	-5.2359	12.4834
1	2024-06-21 17:10:00	62.8392	103.0989	640.7995	11.4384	0.0000	-5.1854	12.5588
1	2024-06-21 17:15:00	63.9014	103.5791	640.7995	11.5435	0.0000	-5.1406	12.6364
1	2024-06-21 17:20:00	64.9613	104.0608	640.7995	11.6475	0.0000	-5.1017	12.7158
1	2024-06-21 17:25:00	66.0189	104.5443	640.7995	11.7503	0.0000	-5.0687	12.7969
1	2024-06-21 17:30:00	67.0741	105.0300	640.7995	11.8517	0.0000	-5.0417	12.8795
1	2024-06-21 17:35:00	68.1267	105.5180	640.7995	11.9515	0.0000	-5.0207	12.9633
1	2024-06-21 17:40:00	69.1766	106.0086	640.7995	12.0496	0.0000	-5.0057	13.0480
1	2024-06-21 17:45:00	70.2239	106.5021	640.7995	12.1459	0.0000	-4.9969	13.1336
1	2024-06-21 17:50:00	71.2682	106.9988	640.7995	12.2400	0.0000	-4.9941	13.2197
1	2024-06-21 17:55:00	72.3096	107.4989	640.7995	12.3320	0.0000	-4.9975	13.3061
1	2024-06-21 18:00:00	73.3478	108.0027	640.7995	12.4216	0.0000	-5.0070	13.3927
1	2024-06-21 18:05:00	74.3827	108.5104	640.7995	12.5086	0.0000	-5.0227	13.4793
1	2024-06-21 18:10:00	75.4142	109.0223	640.7995	12.5928	0.0000	-5.0446	13.5656
1	2024-06-21 18:15:00	76.4421	109.5387	640.7995	12.6741	0.0000	-5.0726	13.6515
1	2024-06-21 18:20:00	77.4661	110.0598	640.7995	12.7522	0.0000	-5.1068	13.7368
1	2024-06-21 18:25:00	78.4861	110.5858	640.7995	12.8270	0.0000	-5.1471	13.8212
1	2024-06-21 18:30:00	79.5017	111.1171	640.7995	12.8983	0.0000	-5.1934	13.9046
1	2024-06-21 18:35:00	80.5127	111.6538	640.7995	12.9659	0.0000	-5.2458	13.9869
1	2024-06-21 18:40:00	81.5185	112.1964	640.7995	13.0295	0.0000	-5.3041	14.0677
1	2024-06-21 18:45:00	82.5188	112.7449	640.7995	13.0889	0.0000	-5.3682	14.1470
1	2024-06-21 18:50:00	83.5127	113.2998	640.7995	13.1439	0.0000	-5.4380	14.2244
1	2024-06-21 18:55:00	84.4992	113.8612	640.7995	13.1943	0.0000	-5.5132	14.2998
1	2024-08-06 07:00:00	75.7447	-101.1663	640.7995	11.6377	0.0000	-10.6105	15.7486
1	2024-08-06 07:05:00	74.6753	-100.6130	640.7995	11.5700	0.0000	-10.7789	15.8129
1	2024-08-06 07:10:00	73.6035	-100.0611	640.7995	11.4997	0.0000	-10.9436	15.8747
1	2024-08-06 07:15:00	72.5295	-99.5099	640.7995	11.4271	0.0000	-11.1047	15.9340
1	2024-08-06 07:20:00	71.4534	-98.9592	640.7995	11.3523	0.0000	-11.2620	15.9908
1	2024-08-06 07:25:00	70.3755	-98.4087	640.7995	11.2754	0.0000	-11.4155	16.0452
1	2024-08-06 07:30:00	69.2959	-97.8578	640.7995	11.1968	0.0000	-11.5651	16.0972
1	2024-08-06 07:35:00	68.2146	-97.3061	640.7995	11.1164	0.0000	-11.7109	16.1468
1	2024-08-06 07:40:00	67.1318	-96.7534	640.7995	11.0345	0.0000	-11.8527	16.1940
1	2024-08-06 07:45:00	66.0477	-96.1991	640.7995	10.9513	0.0000	-11.9906	16.2390
1	2024-08-06 07:50:00	64.9623	-95.6428	640.7995	10.8668	0.0000	-12.1245	16.2816
1	2024-08-06 07:55:00	63.8757	-95.0840	640.7995	10.7814	0.0000	-12.2544	16.3220
1	2024-08-06 08:00:00	62.7881	-94.5223	640.7995	10.6951	0.0000	-12.3803	16.3602
1	2024-08-06 08:05:00	61.6995	-93.9571	640.7995	10.6080	0.0000	-12.5021	16.3961
1	2024-08-06 08:10:00	60.6102	-93.3880	640.7995	10.5203	0.0000	-12.6198	16.4298
1	2024-08-06 08:15:00	59.5201	-92.8144	640.7995	10.4323	0.0000	-12.7335	16.4613
1	2024-08-06 08:20:00	58.4294	-92.2356	640.7995	10.3439	0.0000	-12.8431	16.4907
1	2024-08-06 08:25:00	57.3383	-91.6512	640.7995	10.2554	0.0000	-12.9486	16.5178
1	2024-08-06 08:30:00	56.2467	-91.0604	640.7995	10.1668	0.0000	-13.0500	16.5429
1	2024-08-06 08:35:00	55.1549	-90.4626	640.7995	10.0784	0.0000	-13.1473	16.5658
1	2024-08-06 08:40:00	54.0630	-89.8570	640.7995	9.9902	0.0000	-13.2404	16.5865
1	2024-08-06 08:45:00	52.9711	-89.2429	640.7995	9.9023	0.0000	-13.3294	16.6051
1	2024-08-06 08:50:00	51.8792	-88.6194	640.7995	9.8150	0.0000	-13.4143	16.6216
1	2024-08-06 08:55:00	50.7877	-87.9858	640.7995	9.7283	0.0000	-13.4950	16.6359
1	2024-08-06 09:00:00	49.6965	-87.3409	640.7995	9.6423	0.0000	-13.5715	16.6481
1	2024-08-06 09:05:00	48.6059	-86.6838	640.7995	9.5571	0.0000	-13.6439	16.6582
1	2024-08-06 09:10:00	47.5160	-86.0135	640.7995	9.4729	0.0000	-13.7121	16.6661
1	2024-08-06 09:15:00	46.4270	-85.3287	640.7995	9.3898	0.0000	-13.7761	16.6718
1	2024-08-06 09:20:00	45.3390	-84.6280	640.7995	9.3079	0.0000	-13.8359	16.6754
1	2024-08-06 09:25:00	44.2523	-83.9102	640.7995	9.2272	0.0000	-13.8915	16.6768
1	2024-08-06 09:30:00	43.1671	-83.1738	640.7995	9.1479	0.0000	-13.9428	16.6759
1	2024-08-06 09:35:00	42.0835	-82.4169	640.7995	9.0701	0.0000	-13.9899	16.6729
1	2024-08-06 09:40:00	41.0018	-81.6379	640.7995	8.9938	0.0000	-14.0328	16.6676
1	2024-08-06 09:45:00	39.9224	-80.8347	640.7995	8.9192	0.0000	-14.0714	16.6600
1	2024-08-06 09:50:00	38.8454	-80.0052	640.7995	8.8464	0.0000	-14.1057	16.6502
1	2024-08-06 09:55:00	37.7712	-79.1468	640.7995	8.7754	0.0000	-14.1357	16.6380
1	2024-08-06 10:00:00	36.7001	-78.2571	640.7995	8.7063	0.0000	-14.1613	16.6236
1	2024-08-06 10:05:00	35.6325	-77.3329	640.7995	8.6392	0.0000	-14.1827	16.6067
1	2024-08-06 10:10:00	34.5689	-76.3711	640.7995	8.5741	0.0000	-14.1996	16.5875
1	2024-08-06 10:15:00	33.5097	-75.3680	640.7995	8.5112	0.0000	-14.2122	16.5658
1	2024-08-06 10:20:00	32.4554	-74.3195	640.7995	8.4505	0.0000	-14.2203	16.5417
1	2024-08-06 10:25:00	31.4067	-73.2212	640.7995	8.3921	0.0000	-14.2241	16.5152
1	2024-08-06 10:30:00	30.3642	-72.0679	640.7995	8.3361	0.0000	-14.2233	16.4861
1	2024-08-06 10:35:00	29.3286	-70.8540	640.7995	8.2824	0.0000	-14.2181	16.4546
1	2024-08-06 10:40:00	28.3008	-69.5731	640.7995	8.2312	0.0000	-14.2084	16.4205
1	2024-08-06 10:45:00	27.2818	-68.2181	640.7995	8.1825	0.0000	-14.1942	16.3838
1	2024-08-06 10:50:00	26.2728	-66.7809	640.7995	8.1364	0.0000	-14.1754	16.3445
1	2024-08-06 10:55:00	25.2748	-65.2524	640.7995	8.0928	0.0000	-14.1521	16.3027
1	2024-08-06 11:00:00	24.2895	-63.6225	640.7995	8.0520	0.0000	-14.1243	16.2582
1	2024-08-06 11:05:00	23.3185	-61.8796	640.7995	8.0138	0.0000	-14.0918	16.2111
1	2024-08-06 11:10:00	22.3638	-60.0109	640.7995	7.9784	0.0000	-14.0548	16.1615
1	2024-08-06 11:15:00	21.4275	-58.0020	640.7995	7.9457	0.0000	-14.0132	16.1091
1	2024-08-06 11:20:00	20.5124	-55.8369	640.7995	7.9159	0.0000	-13.9670	16.0542
1	2024-08-06 11:25:00	19.6214	-53.4979	640.7995	7.8889	0.0000	-13.9162	15.9967
1	2024-08-06 11:30:00	18.7581	-50.9658	640.7995	7.8647	0.0000	-13.8608	15.9366
1	2024-08-06 11:35:00	17.9265	-48.2202	640.7995	7.8434	0.0000	-13.8009	15.8740
1	2024-08-06 11:40:00	17.1314	-45.2396	640.7995	7.8250	0.0000	-13.7364	15.8089
1	2024-08-06 11:45:00	16.3780	-42.0028	640.7995	7.8096	0.0000	-13.6674	15.7413
1	2024-08-06 11:50:00	15.6725	-38.4895	640.7995	7.7970	0.0000	-13.5939	15.6713
1	2024-08-06 11:55:00	15.0217	-34.6831	640.7995	7.7874	0.0000	-13.5160	15.5989
1	2024-08-06 12:00:00	14.4330	-30.5725	640.7995	7.7808	0.0000	-13.4337	15.5243
1	2024-08-06 12:05:00	13.9144	-26.1557	640.7995	7.7771	0.0000	-13.3470	15.4475
1	2024-08-06 12:10:00	13.4740	-21.4430	640.7995	7.7764	0.0000	-13.2561	15.3687
1	2024-08-06 12:15:00	13.1198	-16.4604	640.7995	7.7786	0.0000	-13.1609	15.2878
1	2024-08-06 12:20:00	12.8588	-11.2517	640.7995	7.7838	0.0000	-13.0617	15.2051
1	2024-08-06 12:25:00	12.6969	-5.8780	640.7995	7.7920	0.0000	-12.9584	15.1207
1	2024-08-06 12:30:00	12.6378	-0.4146	640.7995	7.8031	0.0000	-12.8512	15.0346
1	2024-08-06 12:35:00	12.6831	5.0544	640.7995	7.8171	0.0000	-12.7402	14.9472
1	2024-08-06 12:40:00	12.8315	10.4447	640.7995	7.8340	0.0000	-12.6254	14.8584
1	2024-08-06 12:45:00	13.0797	15.6793	640.7995	7.8539	0.0000	-12.5071	14.7686
1	2024-08-06 12:50:00	13.4220	20.6949	640.7995	7.8766	0.0000	-12.3854	14.6778
1	2024-08-06 12:55:00	13.8514	25.4455	640.7995	7.9022	0.0000	-12.2604	14.5864
1	2024-08-06 13:00:00	14.3601	29.9027	640.7995	7.9306	0.0000	-12.1322	14.4943
1	2024-08-06 13:05:00	14.9400	34.0542	640.7995	7.9619	0.0000	-12.0011	14.4020
1	2024-08-06 13:10:00	15.5831	37.9006	640.7995	7.9960	0.0000	-11.8672	14.3096
1	2024-08-06 13:15:00	16.2818	41.4520	640.7995	8.0328	0.0000	-11.7306	14.2173
1	2024-08-06 13:20:00	17.0293	44.7246	640.7995	8.0723	0.0000	-11.5916	14.1254
1	2024-08-06 13:25:00	17.8194	47.7380	640.7995	8.1146	0.0000	-11.4503	14.0341
1	2024-08-06 13:30:00	18.6466	50.5136	640.7995	8.1596	0.0000	-11.3070	13.9437
1	2024-08-06 13:35:00	19.5061	53.0728	640.7995	8.2071	0.0000	-11.1618	13.8544
1	2024-08-06 13:40:00	20.3939	55.4362	640.7995	8.2573	0.0000	-11.0150	13.7664
1	2024-08-06 13:45:00	21.3062	57.6233	640.7995	8.3100	0.0000	-10.8667	13.6800
1	2024-08-06 13:50:00	22.2400	59.6519	640.7995	8.3653	0.0000	-10.7173	13.5955
1	2024-08-06 13:55:00	23.1927	61.5382	640.7995	8.4230	0.0000	-10.5668	13.5131
1	2024-08-06 14:00:00	24.1619	63.2969	640.7995	8.4831	0.0000	-10.4155	13.4330
1	2024-08-06 14:05:00	25.1456	64.9410	640.7995	8.5456	0.0000	-10.2636	13.3555
1	2024-08-06 14:10:00	26.1423	66.4822	640.7995	8.6104	0.0000	-10.1115	13.2808
1	2024-08-06 14:15:00	27.1503	67.9307	640.7995	8.6775	0.0000	-9.9592	13.2092
1	2024-08-06 14:20:00	28.1683	69.2960	640.7995	8.7468	0.0000	-9.8070	13.1409
1	2024-08-06 14:25:00	29.1953	70.5860	640.7995	8.8182	0.0000	-9.6551	13.0760
1	2024-08-06 14:30:00	30.2303	71.8082	640.7995	8.8918	0.0000	-9.5038	13.0149
1	2024-08-06 14:35:00	31.2723	72.9689	640.7995	8.9674	0.0000	-9.3533	12.9576
1	2024-08-06 14:40:00	32.3206	74.0740	640.7995	9.0449	0.0000	-9.2038	12.9043
1	2024-08-06 14:45:00	33.3746	75.1285	640.7995	9.1244	0.0000	-9.0555	12.8553
1	2024-08-06 14:50:00	34.4336	76.1370	640.7995	9.2057	0.0000	-8.9087	12.8105
1	2024-08-06 14:55:00	35.4971	77.1038	640.7995	9.2888	0.0000	-8.7635	12.7703
1	2024-08-06 15:00:00	36.5647	78.0324	640.7995	9.3736	0.0000	-8.6201	12.7346
1	2024-08-06 15:05:00	37.6358	78.9262	640.7995	9.4600	0.0000	-8.4788	12.7036
1	2024-08-06 15:10:00	38.7101	79.7881	640.7995	9.5479	0.0000	-8.3398	12.6774
1	2024-08-06 15:15:00	39.7873	80.6209	640.7995	9.6373	0.0000	-8.2033	12.6559
1	2024-08-06 15:20:00	40.8670	81.4271	640.7995	9.7281	0.0000	-8.0694	12.6393
1	2024-08-06 15:25:00	41.9489	82.2087	640.7995	9.8202	0.0000	-7.9383	12.6275
1	2024-08-06 15:30:00	43.0328	82.9680	640.7995	9.9135	0.0000	-7.8103	12.6205
1	2024-08-06 15:35:00	44.1184	83.7066	640.7995	10.0079	0.0000	-7.6855	12.6184
1	2024-08-06 15:40:00	45.2056	84.4263	640.7995	10.1033	0.0000	-7.5640	12.6211
1	2024-08-06 15:45:00	46.2940	85.1286	640.7995	10.1997	0.0000	-7.4461	12.6285
1	2024-08-06 15:50:00	47.3836	85.8149	640.7995	10.2969	0.0000	-7.3320	12.6406
1	2024-08-06 15:55:00	48.4740	86.4866	640.7995	10.3948	0.0000	-7.2216	12.6572
1	2024-08-06 16:00:00	49.5653	87.1448	640.7995	10.4934	0.0000	-7.1153	12.6783
1	2024-08-06 16:05:00	50.6571	87.7906	640.7995	10.5925	0.0000	-7.0132	12.7038
1	2024-08-06 16:10:00	51.7493	88.4251	640.7995	10.6920	0.0000	-6.9154	12.7335
1	2024-08-06 16:15:00	52.8419	89.0493	640.7995	10.7918	0.0000	-6.8220	12.7672
1	2024-08-06 16:20:00	53.9346	89.6640	640.7995	10.8917	0.0000	-6.7332	12.8049
1	2024-08-06 16:25:00	55.0273	90.2700	640.7995	10.9918	0.0000	-6.6491	12.8464
1	2024-08-06 16:30:00	56.1199	90.8681	640.7995	11.0918	0.0000	-6.5697	12.8914
1	2024-08-06 16:35:00	57.2124	91.4591	640.7995	11.1916	0.0000	-6.4953	12.9399
1	2024-08-06 16:40:00	58.3045	92.0437	640.7995	11.2911	0.0000	-6.4259	12.9916
1	2024-08-06 16:45:00	59.3961	92.6224	640.7995	11.3902	0.0000	-6.3617	13.0463
1	2024-08-06 16:50:00	60.4872	93.1960	640.7995	11.4887	0.0000	-6.3026	13.1039
1	2024-08-06 16:55:00	61.5776	93.7649	640.7995	11.5864	0.0000	-6.2489	13.1641
1	2024-08-06 17:00:00	62.6672	94.3298	640.7995	11.6834	0.0000	-6.2006	13.2268
1	2024-08-06 17:05:00	63.7560	94.8911	640.7995	11.7793	0.0000	-6.1577	13.2917
1	2024-08-06 17:10:00	64.8437	95.4494	640.7995	11.8742	0.0000	-6.1203	13.3587
1	2024-08-06 17:15:00	65.9303	96.0052	640.7995	11.9677	0.0000	-6.0885	13.4274
1	2024-08-06 17:20:00	67.0157	96.5589	640.7995	12.0598	0.0000	-6.0624	13.4978
1	2024-08-06 17:25:00	68.0998	97.1109	640.7995	12.1503	0.0000	-6.0420	13.5696
1	2024-08-06 17:30:00	69.1824	97.6618	640.7995	12.2390	0.0000	-6.0273	13.6427
1	2024-08-06 17:35:00	70.2635	98.2118	640.7995	12.3259	0.0000	-6.0184	13.7167
1	2024-08-06 17:40:00	71.3428	98.7615	640.7995	12.4106	0.0000	-6.0154	13.7916
1	2024-08-06 17:45:00	72.4203	99.3112	640.7995	12.4931	0.0000	-6.0181	13.8671
1	2024-08-06 17:50:00	73.4958	99.8613	640.7995	12.5732	0.0000	-6.0267	13.9430
1	2024-08-06 17:55:00	74.5692	100.4121	640.7995	12.6507	0.0000	-6.0412	14.0191
1	2024-08-06 18:00:00	75.6403	100.9641	640.7995	12.7254	0.0000	-6.0615	14.0953
1	2024-08-06 18:05:00	76.7089	101.5176	640.7995	12.7971	0.0000	-6.0876	14.1713
1	2024-08-06 18:10:00	77.7748	102.0730	640.7995	12.8657	0.0000	-6.1196	14.2470
1	2024-08-06 18:15:00	78.8377	102.6306	640.7995	12.9310	0.0000	-6.1574	14.3221
1	2024-08-06 18:20:00	79.8974	103.1908	640.7995	12.9927	0.0000	-6.2009	14.3966
1	2024-08-06 18:25:00	80.9534	103.7540	640.7995	13.0508	0.0000	-6.2500	14.4702
1	2024-08-06 18:30:00	82.0052	104.3204	640.7995	13.1049	0.0000	-6.3048	14.5426
1	2024-08-06 18:35:00	83.0521	104.8905	640.7995	13.1548	0.0000	-6.3649	14.6138
1	2024-08-06 18:40:00	84.0933	105.4646	640.7995	13.2005	0.0000	-6.4304	14.6834
1	2024-08-06 18:45:00	85.1273	106.0430	640.7995	13.2416	0.0000	-6.5007	14.7513
1	2024-08-06 18:50:00	86.1517	106.6261	640.7995	13.2780	0.0000	-6.5757	14.8171
1	2024-08-06 18:55:00	87.1631	107.2143	640.7995	13.3094	0.0000	-6.6545	14.8803
1	2024-08-26 07:00:00	77.7254	-94.8863	640.7995	11.8595	0.0000	-10.6515	15.9406
1	2024-08-26 07:05:00	76.6409	-94.2983	640.7995	11.8048	0.0000	-10.8134	16.0089
1	2024-08-26 07:10:00	75.5549	-93.7092	640.7995	11.7475	0.0000	-10.9720	16.0745
1	2024-08-26 07:15:00	74.4677	-93.1188	640.7995	11.6875	0.0000	-11.1273	16.1374
1	2024-08-26 07:20:00	73.3794	-92.5264	640.7995	11.6252	0.0000	-11.2790	16.1976
1	2024-08-26 07:25:00	72.2903	-91.9317	640.7995	11.5607	0.0000	-11.4273	16.2552
1	2024-08-26 07:30:00	71.2005	-91.3340	640.7995	11.4942	0.0000	-11.5719	16.3103
1	2024-08-26 07:35:00	70.1103	-90.7331	640.7995	11.4258	0.0000	-11.7129	16.3628
1	2024-08-26 07:40:00	69.0196	-90.1283	640.7995	11.3557	0.0000	-11.8502	16.4127
1	2024-08-26 07:45:00	67.9288	-89.5191	640.7995	11.2840	0.0000	-11.9837	16.4602
1	2024-08-26 07:50:00	66.8379	-88.9049	640.7995	11.2110	0.0000	-12.1134	16.5052
1	2024-08-26 07:55:00	65.7471	-88.2853	640.7995	11.1367	0.0000	-12.2393	16.5477
1	2024-08-26 08:00:00	64.6565	-87.6595	640.7995	11.0614	0.0000	-12.3612	16.5878
1	2024-08-26 08:05:00	63.5664	-87.0270	640.7995	10.9852	0.0000	-12.4793	16.6255
1	2024-08-26 08:10:00	62.4767	-86.3871	640.7995	10.9081	0.0000	-12.5934	16.6608
1	2024-08-26 08:15:00	61.3878	-85.7392	640.7995	10.8305	0.0000	-12.7036	16.6937
1	2024-08-26 08:20:00	60.2997	-85.0825	640.7995	10.7523	0.0000	-12.8098	16.7243
1	2024-08-26 08:25:00	59.2126	-84.4162	640.7995	10.6738	0.0000	-12.9119	16.7526
1	2024-08-26 08:30:00	58.1267	-83.7397	640.7995	10.5951	0.0000	-13.0100	16.7785
1	2024-08-26 08:35:00	57.0422	-83.0519	640.7995	10.5164	0.0000	-13.1041	16.8021
1	2024-08-26 08:40:00	55.9592	-82.3520	640.7995	10.4376	0.0000	-13.1941	16.8234
1	2024-08-26 08:45:00	54.8780	-81.6391	640.7995	10.3591	0.0000	-13.2800	16.8424
1	2024-08-26 08:50:00	53.7988	-80.9122	640.7995	10.2808	0.0000	-13.3617	16.8591
1	2024-08-26 08:55:00	52.7217	-80.1701	640.7995	10.2030	0.0000	-13.4394	16.8736
1	2024-08-26 09:00:00	51.6471	-79.4117	640.7995	10.1257	0.0000	-13.5129	16.8857
1	2024-08-26 09:05:00	50.5751	-78.6358	640.7995	10.0491	0.0000	-13.5823	16.8956
1	2024-08-26 09:10:00	49.5060	-77.8411	640.7995	9.9733	0.0000	-13.6475	16.9032
1	2024-08-26 09:15:00	48.4402	-77.0261	640.7995	9.8983	0.0000	-13.7085	16.9086
1	2024-08-26 09:20:00	47.3778	-76.1894	640.7995	9.8243	0.0000	-13.7653	16.9116
1	2024-08-26 09:25:00	46.3194	-75.3292	640.7995	9.7515	0.0000	-13.8180	16.9124
1	2024-08-26 09:30:00	45.2651	-74.4439	640.7995	9.6798	0.0000	-13.8664	16.9108
1	2024-08-26 09:35:00	44.2154	-73.5315	640.7995	9.6094	0.0000	-13.9106	16.9070
1	2024-08-26 09:40:00	43.1707	-72.5900	640.7995	9.5405	0.0000	-13.9506	16.9008
1	2024-08-26 09:45:00	42.1315	-71.6173	640.7995	9.4730	0.0000	-13.9863	16.8924
1	2024-08-26 09:50:00	41.0982	-70.6108	640.7995	9.4071	0.0000	-14.0177	16.8816
1	2024-08-26 09:55:00	40.0714	-69.5680	640.7995	9.3428	0.0000	-14.0449	16.8685
1	2024-08-26 10:00:00	39.0517	-68.4863	640.7995	9.2803	0.0000	-14.0677	16.8530
1	2024-08-26 10:05:00	38.0397	-67.3624	640.7995	9.2196	0.0000	-14.0863	16.8352
1	2024-08-26 10:10:00	37.0361	-66.1933	640.7995	9.1608	0.0000	-14.1006	16.8151
1	2024-08-26 10:15:00	36.0417	-64.9752	640.7995	9.1040	0.0000	-14.1105	16.7925
1	2024-08-26 10:20:00	35.0573	-63.7046	640.7995	9.0493	0.0000	-14.1161	16.7676
1	2024-08-26 10:25:00	34.0840	-62.3771	640.7995	8.9966	0.0000	-14.1174	16.7403
1	2024-08-26 10:30:00	33.1226	-60.9885	640.7995	8.9461	0.0000	-14.1143	16.7106
1	2024-08-26 10:35:00	32.1744	-59.5339	640.7995	8.8979	0.0000	-14.1068	16.6786
1	2024-08-26 10:40:00	31.2407	-58.0082	640.7995	8.8519	0.0000	-14.0950	16.6441
1	2024-08-26 10:45:00	30.3228	-56.4060	640.7995	8.8083	0.0000	-14.0788	16.6072
1	2024-08-26 10:50:00	29.4222	-54.7215	640.7995	8.7671	0.0000	-14.0582	16.5679
1	2024-08-26 10:55:00	28.5407	-52.9486	640.7995	8.7284	0.0000	-14.0333	16.5263
1	2024-08-26 11:00:00	27.6801	-51.0808	640.7995	8.6922	0.0000	-14.0040	16.4823
1	2024-08-26 11:05:00	26.8425	-49.1116	640.7995	8.6584	0.0000	-13.9703	16.4359
1	2024-08-26 11:10:00	26.0302	-47.0342	640.7995	8.6273	0.0000	-13.9323	16.3872
1	2024-08-26 11:15:00	25.2457	-44.8419	640.7995	8.5988	0.0000	-13.8900	16.3362
1	2024-08-26 11:20:00	24.4917	-42.5282	640.7995	8.5729	0.0000	-13.8434	16.2829
1	2024-08-26 11:25:00	23.7712	-40.0870	640.7995	8.5497	0.0000	-13.7924	16.2274
1	2024-08-26 11:30:00	23.0873	-37.5129	640.7995	8.5292	0.0000	-13.7372	16.1697
1	2024-08-26 11:35:00	22.4434	-34.8015	640.7995	8.5114	0.0000	-13.6778	16.1098
1	2024-08-26 11:40:00	21.8430	-31.9502	640.7995	8.4964	0.0000	-13.6142	16.0479
1	2024-08-26 11:45:00	21.2901	-28.9581	640.7995	8.4841	0.0000	-13.5465	15.9840
1	2024-08-26 11:50:00	20.7882	-25.8269	640.7995	8.4746	0.0000	-13.4747	15.9181
1	2024-08-26 11:55:00	20.3413	-22.5613	640.7995	8.4679	0.0000	-13.3988	15.8503
1	2024-08-26 12:00:00	19.9530	-19.1695	640.7995	8.4639	0.0000	-13.3190	15.7808
1	2024-08-26 12:05:00	19.6270	-15.6632	640.7995	8.4628	0.0000	-13.2353	15.7096
1	2024-08-26 12:10:00	19.3662	-12.0583	640.7995	8.4645	0.0000	-13.1477	15.6368
1	2024-08-26 12:15:00	19.1735	-8.3738	640.7995	8.4690	0.0000	-13.0565	15.5626
1	2024-08-26 12:20:00	19.0509	-4.6325	640.7995	8.4763	0.0000	-12.9616	15.4871
1	2024-08-26 12:25:00	18.9997	-0.8592	640.7995	8.4863	0.0000	-12.8632	15.4104
1	2024-08-26 12:30:00	19.0206	2.9198	640.7995	8.4992	0.0000	-12.7614	15.3326
1	2024-08-26 12:35:00	19.1133	6.6778	640.7995	8.5148	0.0000	-12.6563	15.2540
1	2024-08-26 12:40:00	19.2767	10.3891	640.7995	8.5332	0.0000	-12.5480	15.1746
1	2024-08-26 12:45:00	19.5092	14.0301	640.7995	8.5544	0.0000	-12.4367	15.0946
1	2024-08-26 12:50:00	19.8081	17.5802	640.7995	8.5783	0.0000	-12.3224	15.0143
1	2024-08-26 12:55:00	20.1707	21.0219	640.7995	8.6049	0.0000	-12.2054	14.9337
1	2024-08-26 13:00:00	20.5934	24.3419	640.7995	8.6341	0.0000	-12.0858	14.8531
1	2024-08-26 13:05:00	21.0727	27.5305	640.7995	8.6661	0.0000	-11.9638	14.7727
1	2024-08-26 13:10:00	21.6047	30.5816	640.7995	8.7006	0.0000	-11.8395	14.6927
1	2024-08-26 13:15:00	22.1856	33.4923	640.7995	8.7378	0.0000	-11.7131	14.6132
1	2024-08-26 13:20:00	22.8118	36.2623	640.7995	8.7775	0.0000	-11.5847	14.5345
1	2024-08-26 13:25:00	23.4794	38.8938	640.7995	8.8198	0.0000	-11.4547	14.4568
1	2024-08-26 13:30:00	24.1851	41.3903	640.7995	8.8645	0.0000	-11.3230	14.3802
1	2024-08-26 13:35:00	24.9256	43.7569	640.7995	8.9117	0.0000	-11.1900	14.3051
1	2024-08-26 13:40:00	25.6978	45.9995	640.7995	8.9614	0.0000	-11.0558	14.2316
1	2024-08-26 13:45:00	26.4989	48.1243	640.7995	9.0134	0.0000	-10.9207	14.1599
1	2024-08-26 13:50:00	27.3263	50.1381	640.7995	9.0677	0.0000	-10.7847	14.0902
1	2024-08-26 13:55:00	28.1777	52.0477	640.7995	9.1243	0.0000	-10.6482	14.0228
1	2024-08-26 14:00:00	29.0509	53.8596	640.7995	9.1831	0.0000	-10.5114	13.9578
1	2024-08-26 14:05:00	29.9440	55.5804	640.7995	9.2441	0.0000	-10.3744	13.8954
1	2024-08-26 14:10:00	30.8551	57.2163	640.7995	9.3073	0.0000	-10.2374	13.8358
1	2024-08-26 14:15:00	31.7827	58.7732	640.7995	9.3724	0.0000	-10.1007	13.7792
1	2024-08-26 14:20:00	32.7253	60.2568	640.7995	9.4396	0.0000	-9.9644	13.7257
1	2024-08-26 14:25:00	33.6816	61.6723	640.7995	9.5087	0.0000	-9.8288	13.6756
1	2024-08-26 14:30:00	34.6504	63.0246	640.7995	9.5797	0.0000	-9.6941	13.6289
1	2024-08-26 14:35:00	35.6306	64.3183	640.7995	9.6525	0.0000	-9.5604	13.5857
1	2024-08-26 14:40:00	36.6213	65.5576	640.7995	9.7270	0.0000	-9.4281	13.5463
1	2024-08-26 14:45:00	37.6216	66.7465	640.7995	9.8032	0.0000	-9.2972	13.5108
1	2024-08-26 14:50:00	38.6306	67.8886	640.7995	9.8810	0.0000	-9.1680	13.4791
1	2024-08-26 14:55:00	39.6476	68.9872	640.7995	9.9603	0.0000	-9.0407	13.4514
1	2024-08-26 15:00:00	40.6719	70.0456	640.7995	10.0410	0.0000	-8.9154	13.4278
1	2024-08-26 15:05:00	41.7031	71.0665	640.7995	10.1230	0.0000	-8.7924	13.4083
1	2024-08-26 15:10:00	42.7404	72.0526	640.7995	10.2064	0.0000	-8.6718	13.3929
1	2024-08-26 15:15:00	43.7834	73.0065	640.7995	10.2909	0.0000	-8.5539	13.3817
1	2024-08-26 15:20:00	44.8316	73.9302	640.7995	10.3765	0.0000	-8.4387	13.3747
1	2024-08-26 15:25:00	45.8845	74.8261	640.7995	10.4631	0.0000	-8.3265	13.3718
1	2024-08-26 15:30:00	46.9419	75.6960	640.7995	10.5506	0.0000	-8.2174	13.3731
1	2024-08-26 15:35:00	48.0033	76.5418	640.7995	10.6389	0.0000	-8.1116	13.3785
1	2024-08-26 15:40:00	49.0683	77.3651	640.7995	10.7279	0.0000	-8.0093	13.3879
1	2024-08-26 15:45:00	50.1367	78.1674	640.7995	10.8175	0.0000	-7.9106	13.4013
1	2024-08-26 15:50:00	51.2082	78.9504	640.7995	10.9076	0.0000	-7.8156	13.4186
1	2024-08-26 15:55:00	52.2825	79.7152	640.7995	10.9981	0.0000	-7.7246	13.4397
1	2024-08-26 16:00:00	53.3593	80.4632	640.7995	11.0888	0.0000	-7.6375	13.4645
1	2024-08-26 16:05:00	54.4384	81.1956	640.7995	11.1797	0.0000	-7.5547	13.4929
1	2024-08-26 16:10:00	55.5196	81.9135	640.7995	11.2707	0.0000	-7.4761	13.5248
1	2024-08-26 16:15:00	56.6026	82.6178	640.7995	11.3615	0.0000	-7.4019	13.5600
1	2024-08-26 16:20:00	57.6873	83.3097	640.7995	11.4522	0.0000	-7.3322	13.5983
1	2024-08-26 16:25:00	58.7735	83.9900	640.7995	11.5425	0.0000	-7.2672	13.6397
1	2024-08-26 16:30:00	59.8610	84.6596	640.7995	11.6324	0.0000	-7.2069	13.6840
1	2024-08-26 16:35:00	60.9495	85.3192	640.7995	11.7217	0.0000	-7.1514	13.7310
1	2024-08-26 16:40:00	62.0391	85.9698	640.7995	11.8103	0.0000	-7.1008	13.7806
1	2024-08-26 16:45:00	63.1294	86.6119	640.7995	11.8980	0.0000	-7.0553	13.8326
1	2024-08-26 16:50:00	64.2203	87.2464	640.7995	11.9847	0.0000	-7.0148	13.8867
1	2024-08-26 16:55:00	65.3118	87.8738	640.7995	12.0703	0.0000	-6.9795	13.9429
1	2024-08-26 17:00:00	66.4035	88.4949	640.7995	12.1546	0.0000	-6.9493	14.0010
1	2024-08-26 17:05:00	67.4955	89.1101	640.7995	12.2374	0.0000	-6.9245	14.0607
1	2024-08-26 17:10:00	68.5874	89.7202	640.7995	12.3187	0.0000	-6.9050	14.1219
1	2024-08-26 17:15:00	69.6793	90.3256	640.7995	12.3982	0.0000	-6.8908	14.1844
1	2024-08-26 17:20:00	70.7709	90.9269	640.7995	12.4758	0.0000	-6.8821	14.2481
1	2024-08-26 17:25:00	71.8621	91.5246	640.7995	12.5513	0.0000	-6.8788	14.3127
1	2024-08-26 17:30:00	72.9527	92.1192	640.7995	12.6247	0.0000	-6.8809	14.3781
1	2024-08-26 17:35:00	74.0425	92.7112	640.7995	12.6956	0.0000	-6.8885	14.4440
1	2024-08-26 17:40:00	75.1315	93.3010	640.7995	12.7640	0.0000	-6.9017	14.5104
1	2024-08-26 17:45:00	76.2193	93.8892	640.7995	12.8296	0.0000	-6.9203	14.5770
1	2024-08-26 17:50:00	77.3059	94.4761	640.7995	12.8924	0.0000	-6.9443	14.6437
1	2024-08-26 17:55:00	78.3908	95.0622	640.7995	12.9520	0.0000	-6.9738	14.7102
1	2024-09-13 07:00:00	79.5749	-88.2080	640.7995	12.0275	0.0000	-10.7731	16.1468
1	2024-09-13 07:05:00	78.4891	-87.5923	640.7995	11.9850	0.0000	-10.9244	16.2167
1	2024-09-13 07:10:00	77.4028	-86.9733	640.7995	11.9397	0.0000	-11.0728	16.2838
1	2024-09-13 07:15:00	76.3165	-86.3506	640.7995	11.8919	0.0000	-11.2181	16.3482
1	2024-09-13 07:20:00	75.2303	-85.7235	640.7995	11.8416	0.0000	-11.3604	16.4098
1	2024-09-13 07:25:00	74.1445	-85.0917	640.7995	11.7891	0.0000	-11.4994	16.4688
1	2024-09-13 07:30:00	73.0594	-84.4545	640.7995	11.7346	0.0000	-11.6351	16.5250
1	2024-09-13 07:35:00	71.9752	-83.8114	640.7995	11.6781	0.0000	-11.7675	16.5787
1	2024-09-13 07:40:00	70.8920	-83.1619	640.7995	11.6198	0.0000	-11.8964	16.6297
1	2024-09-13 07:45:00	69.8100	-82.5053	640.7995	11.5600	0.0000	-12.0219	16.6781
1	2024-09-13 07:50:00	68.7295	-81.8410	640.7995	11.4987	0.0000	-12.1437	16.7239
1	2024-09-13 07:55:00	67.6507	-81.1685	640.7995	11.4360	0.0000	-12.2620	16.7672
1	2024-09-13 08:00:00	66.5736	-80.4871	640.7995	11.3722	0.0000	-12.3766	16.8079
1	2024-09-13 08:05:00	65.4987	-79.7959	640.7995	11.3074	0.0000	-12.4875	16.8462
1	2024-09-13 08:10:00	64.4259	-79.0945	640.7995	11.2417	0.0000	-12.5946	16.8819
1	2024-09-13 08:15:00	63.3556	-78.3819	640.7995	11.1752	0.0000	-12.6980	16.9152
1	2024-09-13 08:20:00	62.2880	-77.6575	640.7995	11.1082	0.0000	-12.7975	16.9460
1	2024-09-13 08:25:00	61.2234	-76.9204	640.7995	11.0407	0.0000	-12.8932	16.9744
1	2024-09-13 08:30:00	60.1618	-76.1696	640.7995	10.9728	0.0000	-12.9850	17.0004
1	2024-09-13 08:35:00	59.1037	-75.4044	640.7995	10.9047	0.0000	-13.0730	17.0240
1	2024-09-13 08:40:00	58.0492	-74.6238	640.7995	10.8366	0.0000	-13.1569	17.0451
1	2024-09-13 08:45:00	56.9986	-73.8266	640.7995	10.7685	0.0000	-13.2370	17.0639
1	2024-09-13 08:50:00	55.9523	-73.0120	640.7995	10.7006	0.0000	-13.3130	17.0804
1	2024-09-13 08:55:00	54.9106	-72.1787	640.7995	10.6330	0.0000	-13.3851	17.0944
1	2024-09-13 09:00:00	53.8738	-71.3256	640.7995	10.5657	0.0000	-13.4531	17.1062
1	2024-09-13 09:05:00	52.8422	-70.4514	640.7995	10.4990	0.0000	-13.5171	17.1155
1	2024-09-13 09:10:00	51.8162	-69.5547	640.7995	10.4329	0.0000	-13.5771	17.1226
1	2024-09-13 09:15:00	50.7963	-68.6343	640.7995	10.3676	0.0000	-13.6330	17.1273
1	2024-09-13 09:20:00	49.7828	-67.6885	640.7995	10.3031	0.0000	-13.6848	17.1297
1	2024-09-13 09:25:00	48.7763	-66.7159	640.7995	10.2395	0.0000	-13.7325	17.1298
1	2024-09-13 09:30:00	47.7772	-65.7147	640.7995	10.1770	0.0000	-13.7762	17.1276
1	2024-09-13 09:35:00	46.7860	-64.6833	640.7995	10.1156	0.0000	-13.8157	17.1231
1	2024-09-13 09:40:00	45.8034	-63.6197	640.7995	10.0555	0.0000	-13.8511	17.1162
1	2024-09-13 09:45:00	44.8300	-62.5220	640.7995	9.9966	0.0000	-13.8824	17.1071
1	2024-09-13 09:50:00	43.8663	-61.3881	640.7995	9.9392	0.0000	-13.9095	17.0957
1	2024-09-13 09:55:00	42.9133	-60.2159	640.7995	9.8833	0.0000	-13.9325	17.0820
1	2024-09-13 10:00:00	41.9715	-59.0031	640.7995	9.8289	0.0000	-13.9513	17.0660
1	2024-09-13 10:05:00	41.0418	-57.7473	640.7995	9.7762	0.0000	-13.9660	17.0477
1	2024-09-13 10:10:00	40.1251	-56.4460	640.7995	9.7253	0.0000	-13.9766	17.0272
1	2024-09-13 10:15:00	39.2225	-55.0965	640.7995	9.6761	0.0000	-13.9830	17.0044
1	2024-09-13 10:20:00	38.3348	-53.6963	640.7995	9.6288	0.0000	-13.9852	16.9793
1	2024-09-13 10:25:00	37.4633	-52.2425	640.7995	9.5834	0.0000	-13.9832	16.9521
1	2024-09-13 10:30:00	36.6091	-50.7323	640.7995	9.5400	0.0000	-13.9772	16.9226
1	2024-09-13 10:35:00	35.7735	-49.1628	640.7995	9.4987	0.0000	-13.9669	16.8908
1	2024-09-13 10:40:00	34.9579	-47.5311	640.7995	9.4595	0.0000	-13.9526	16.8569
1	2024-09-13 10:45:00	34.1637	-45.8344	640.7995	9.4224	0.0000	-13.9341	16.8208
1	2024-09-13 10:50:00	33.3925	-44.0697	640.7995	9.3876	0.0000	-13.9115	16.7826
1	2024-09-13 10:55:00	32.6461	-42.2346	640.7995	9.3550	0.0000	-13.8848	16.7423
1	2024-09-13 11:00:00	31.9261	-40.3264	640.7995	9.3247	0.0000	-13.8540	16.6998
1	2024-09-13 11:05:00	31.2344	-38.3430	640.7995	9.2968	0.0000	-13.8192	16.6554
1	2024-09-13 11:10:00	30.5729	-36.2826	640.7995	9.2712	0.0000	-13.7804	16.6089
1	2024-09-13 11:15:00	29.9438	-34.1438	640.7995	9.2481	0.0000	-13.7376	16.5604
1	2024-09-13 11:20:00	29.3491	-31.9258	640.7995	9.2274	0.0000	-13.6908	16.5101
1	2024-09-13 11:25:00	28.7910	-29.6285	640.7995	9.2092	0.0000	-13.6401	16.4579
1	2024-09-13 11:30:00	28.2716	-27.2528	640.7995	9.1935	0.0000	-13.5856	16.4039
1	2024-09-13 11:35:00	27.7932	-24.8002	640.7995	9.1803	0.0000	-13.5272	16.3482
1	2024-09-13 11:40:00	27.3579	-22.2736	640.7995	9.1697	0.0000	-13.4651	16.2909
1	2024-09-13 11:45:00	26.9678	-19.6769	640.7995	9.1616	0.0000	-13.3993	16.2319
1	2024-09-13 11:50:00	26.6251	-17.0151	640.7995	9.1560	0.0000	-13.3299	16.1716
1	2024-09-13 11:55:00	26.3314	-14.2946	640.7995	9.1531	0.0000	-13.2569	16.1098
1	2024-09-13 12:00:00	26.0885	-11.5229	640.7995	9.1527	0.0000	-13.1805	16.0467
1	2024-09-13 12:05:00	25.8978	-8.7088	640.7995	9.1550	0.0000	-13.1006	15.9825
1	2024-09-13 12:10:00	25.7605	-5.8617	640.7995	9.1598	0.0000	-13.0175	15.9172
1	2024-09-13 12:15:00	25.6774	-2.9922	640.7995	9.1672	0.0000	-12.9311	15.8509
1	2024-09-13 12:20:00	25.6491	-0.1113	640.7995	9.1772	0.0000	-12.8417	15.7839
1	2024-09-13 12:25:00	25.6758	2.7699	640.7995	9.1898	0.0000	-12.7493	15.7162
1	2024-09-13 12:30:00	25.7573	5.6399	640.7995	9.2050	0.0000	-12.6540	15.6479
1	2024-09-13 12:35:00	25.8931	8.4877	640.7995	9.2227	0.0000	-12.5560	15.5792
1	2024-09-13 12:40:00	26.0823	11.3030	640.7995	9.2430	0.0000	-12.4554	15.5103
1	2024-09-13 12:45:00	26.3237	14.0760	640.7995	9.2657	0.0000	-12.3522	15.4412
1	2024-09-13 12:50:00	26.6160	16.7981	640.7995	9.2910	0.0000	-12.2468	15.3723
1	2024-09-13 12:55:00	26.9574	19.4617	640.7995	9.3188	0.0000	-12.1391	15.3035
1	2024-09-13 13:00:00	27.3462	22.0604	640.7995	9.3490	0.0000	-12.0294	15.2352
1	2024-09-13 13:05:00	27.7802	24.5891	640.7995	9.3817	0.0000	-11.9178	15.1674
1	2024-09-13 13:10:00	28.2575	27.0438	640.7995	9.4167	0.0000	-11.8045	15.1004
1	2024-09-13 13:15:00	28.7758	29.4218	640.7995	9.4541	0.0000	-11.6897	15.0342
1	2024-09-13 13:20:00	29.3330	31.7213	640.7995	9.4938	0.0000	-11.5734	14.9692
1	2024-09-13 13:25:00	29.9268	33.9416	640.7995	9.5359	0.0000	-11.4559	14.9054
1	2024-09-13 13:30:00	30.5550	36.0826	640.7995	9.5802	0.0000	-11.3373	14.8430
1	2024-09-13 13:35:00	31.2157	38.1451	640.7995	9.6266	0.0000	-11.2179	14.7822
1	2024-09-13 13:40:00	31.9067	40.1306	640.7995	9.6753	0.0000	-11.0978	14.7232
1	2024-09-13 13:45:00	32.6261	42.0407	640.7995	9.7260	0.0000	-10.9772	14.6661
1	2024-09-13 13:50:00	33.3720	43.8778	640.7995	9.7789	0.0000	-10.8563	14.6112
1	2024-09-13 13:55:00	34.1427	45.6442	640.7995	9.8337	0.0000	-10.7353	14.5584
1	2024-09-13 14:00:00	34.9364	47.3426	640.7995	9.8905	0.0000	-10.6143	14.5081
1	2024-09-13 14:05:00	35.7517	48.9759	640.7995	9.9492	0.0000	-10.4935	14.4603
1	2024-09-13 14:10:00	36.5870	50.5469	640.7995	10.0097	0.0000	-10.3732	14.4152
1	2024-09-13 14:15:00	37.4409	52.0584	640.7995	10.0720	0.0000	-10.2535	14.3729
1	2024-09-13 14:20:00	38.3123	53.5135	640.7995	10.1360	0.0000	-10.1346	14.3335
1	2024-09-13 14:25:00	39.1998	54.9148	640.7995	10.2017	0.0000	-10.0167	14.2972
1	2024-09-13 14:30:00	40.1023	56.2653	640.7995	10.2689	0.0000	-9.9000	14.2640
1	2024-09-13 14:35:00	41.0189	57.5675	640.7995	10.3377	0.0000	-9.7847	14.2340
1	2024-09-13 14:40:00	41.9485	58.8242	640.7995	10.4078	0.0000	-9.6709	14.2073
1	2024-09-13 14:45:00	42.8904	60.0377	640.7995	10.4793	0.0000	-9.5588	14.1840
1	2024-09-13 14:50:00	43.8435	61.2105	640.7995	10.5521	0.0000	-9.4486	14.1641
1	2024-09-13 14:55:00	44.8072	62.3449	640.7995	10.6260	0.0000	-9.3405	14.1477
1	2024-09-13 15:00:00	45.7808	63.4431	640.7995	10.7011	0.0000	-9.2346	14.1348
1	2024-09-13 15:05:00	46.7636	64.5070	640.7995	10.7772	0.0000	-9.1312	14.1253
1	2024-09-13 15:10:00	47.7549	65.5387	640.7995	10.8541	0.0000	-9.0303	14.1194
1	2024-09-13 15:15:00	48.7543	66.5401	640.7995	10.9320	0.0000	-8.9322	14.1171
1	2024-09-13 15:20:00	49.7611	67.5128	640.7995	11.0105	0.0000	-8.8369	14.1182
1	2024-09-13 15:25:00	50.7748	68.4586	640.7995	11.0897	0.0000	-8.7447	14.1227
1	2024-09-13 15:30:00	51.7951	69.3790	640.7995	11.1694	0.0000	-8.6557	14.1307
1	2024-09-13 15:35:00	52.8214	70.2755	640.7995	11.2495	0.0000	-8.5701	14.1421
1	2024-09-13 15:40:00	53.8534	71.1495	640.7995	11.3300	0.0000	-8.4879	14.1567
1	2024-09-13 15:45:00	54.8907	72.0024	640.7995	11.4107	0.0000	-8.4093	14.1746
1	2024-09-13 15:50:00	55.9329	72.8354	640.7995	11.4915	0.0000	-8.3344	14.1956
1	2024-09-13 15:55:00	56.9797	73.6496	640.7995	11.5722	0.0000	-8.2634	14.2197
1	2024-09-13 16:00:00	58.0307	74.4463	640.7995	11.6529	0.0000	-8.1964	14.2468
1	2024-09-13 16:05:00	59.0857	75.2264	640.7995	11.7333	0.0000	-8.1334	14.2766
1	2024-09-13 16:10:00	60.1445	75.9911	640.7995	11.8133	0.0000	-8.0747	14.3092
1	2024-09-13 16:15:00	61.2066	76.7412	640.7995	11.8928	0.0000	-8.0202	14.3444
1	2024-09-13 16:20:00	62.2719	77.4776	640.7995	11.9717	0.0000	-7.9701	14.3821
1	2024-09-13 16:25:00	63.3402	78.2013	640.7995	12.0499	0.0000	-7.9245	14.4221
1	2024-09-13 16:30:00	64.4111	78.9130	640.7995	12.1272	0.0000	-7.8834	14.4643
1	2024-09-13 16:35:00	65.4846	79.6136	640.7995	12.2034	0.0000	-7.8470	14.5086
1	2024-09-13 16:40:00	66.5603	80.3038	640.7995	12.2785	0.0000	-7.8153	14.5547
1	2024-09-13 16:45:00	67.6381	80.9842	640.7995	12.3523	0.0000	-7.7884	14.6027
1	2024-09-13 16:50:00	68.7178	81.6557	640.7995	12.4247	0.0000	-7.7662	14.6522
1	2024-09-13 16:55:00	69.7991	82.3188	640.7995	12.4955	0.0000	-7.7490	14.7032
1	2024-09-13 17:00:00	70.8819	82.9743	640.7995	12.5645	0.0000	-7.7366	14.7554
1	2024-09-13 17:05:00	71.9660	83.6226	640.7995	12.6317	0.0000	-7.7293	14.8088
1	2024-09-13 17:10:00	73.0512	84.2644	640.7995	12.6968	0.0000	-7.7269	14.8632
1	2024-09-13 17:15:00	74.1373	84.9002	640.7995	12.7598	0.0000	-7.7295	14.9183
1	2024-09-13 17:20:00	75.2241	85.5307	640.7995	12.8204	0.0000	-7.7371	14.9741
1	2024-09-13 17:25:00	76.3113	86.1563	640.7995	12.8785	0.0000	-7.7498	15.0305
1	2024-09-13 17:30:00	77.3987	86.7775	640.7995	12.9340	0.0000	-7.7674	15.0871
1	2024-09-13 17:35:00	78.4861	87.3949	640.7995	12.9866	0.0000	-7.7901	15.1439
1	2024-09-13 17:40:00	79.5730	88.0089	640.7995	13.0363	0.0000	-7.8177	15.2007
1	2024-09-13 17:45:00	80.6592	88.6200	640.7995	13.0828	0.0000	-7.8502	15.2573
1	2024-09-13 17:50:00	81.7440	89.2287	640.7995	13.1260	0.0000	-7.8876	15.3136
1	2024-09-13 17:55:00	82.8268	89.8355	640.7995	13.1658	0.0000	-7.9298	15.3694
1	2024-09-29 07:00:00	81.3877	-82.0294	640.7995	12.1525	0.0000	-10.9053	16.3282
1	2024-09-29 07:05:00	80.3148	-81.3963	640.7995	12.1204	0.0000	-11.0449	16.3980
1	2024-09-29 07:10:00	79.2422	-80.7580	640.7995	12.0857	0.0000	-11.1819	16.4650
1	2024-09-29 07:15:00	78.1705	-80.1140	640.7995	12.0484	0.0000	-11.3162	16.5294
1	2024-09-29 07:20:00	77.1001	-79.4638	640.7995	12.0088	0.0000	-11.4478	16.5910
1	2024-09-29 07:25:00	76.0313	-78.8069	640.7995	11.9670	0.0000	-11.5764	16.6500
1	2024-09-29 07:30:00	74.9645	-78.1426	640.7995	11.9232	0.0000	-11.7021	16.7063
1	2024-09-29 07:35:00	73.8998	-77.4705	640.7995	11.8774	0.0000	-11.8247	16.7600
1	2024-09-29 07:40:00	72.8375	-76.7900	640.7995	11.8299	0.0000	-11.9442	16.8110
1	2024-09-29 07:45:00	71.7779	-76.1006	640.7995	11.7808	0.0000	-12.0604	16.8594
1	2024-09-29 07:50:00	70.7213	-75.4014	640.7995	11.7301	0.0000	-12.1733	16.9052
1	2024-09-29 07:55:00	69.6678	-74.6921	640.7995	11.6782	0.0000	-12.2829	16.9485
1	2024-09-29 08:00:00	68.6178	-73.9718	640.7995	11.6250	0.0000	-12.3891	16.9892
1	2024-09-29 08:05:00	67.5714	-73.2400	640.7995	11.5708	0.0000	-12.4919	17.0274
1	2024-09-29 08:10:00	66.5289	-72.4958	640.7995	11.5157	0.0000	-12.5911	17.0630
1	2024-09-29 08:15:00	65.4907	-71.7387	640.7995	11.4597	0.0000	-12.6868	17.0962
1	2024-09-29 08:20:00	64.4569	-70.9677	640.7995	11.4031	0.0000	-12.7789	17.1269
1	2024-09-29 08:25:00	63.4278	-70.1821	640.7995	11.3460	0.0000	-12.8674	17.1552
1	2024-09-29 08:30:00	62.4038	-69.3811	640.7995	11.2884	0.0000	-12.9522	17.1810
1	2024-09-29 08:35:00	61.3852	-68.5638	640.7995	11.2305	0.0000	-13.0333	17.2044
1	2024-09-29 08:40:00	60.3723	-67.7293	640.7995	11.1725	0.0000	-13.1107	17.2254
1	2024-09-29 08:45:00	59.3654	-66.8767	640.7995	11.1144	0.0000	-13.1843	17.2440
1	2024-09-29 08:50:00	58.3649	-66.0049	640.7995	11.0564	0.0000	-13.2542	17.2603
1	2024-09-29 08:55:00	57.3713	-65.1130	640.7995	10.9986	0.0000	-13.3202	17.2742
1	2024-09-29 09:00:00	56.3848	-64.1999	640.7995	10.9410	0.0000	-13.3825	17.2857
1	2024-09-29 09:05:00	55.4060	-63.2645	640.7995	10.8839	0.0000	-13.4409	17.2949
1	2024-09-29 09:10:00	54.4353	-62.3056	640.7995	10.8272	0.0000	-13.4954	17.3018
1	2024-09-29 09:15:00	53.4732	-61.3220	640.7995	10.7711	0.0000	-13.5461	17.3064
1	2024-09-29 09:20:00	52.5202	-60.3124	640.7995	10.7158	0.0000	-13.5928	17.3088
1	2024-09-29 09:25:00	51.5768	-59.2756	640.7995	10.6613	0.0000	-13.6357	17.3088
1	2024-09-29 09:30:00	50.6437	-58.2103	640.7995	10.6076	0.0000	-13.6747	17.3066
1	2024-09-29 09:35:00	49.7214	-57.1150	640.7995	10.5550	0.0000	-13.7097	17.3021
1	2024-09-29 09:40:00	48.8107	-55.9882	640.7995	10.5034	0.0000	-13.7409	17.2954
1	2024-09-29 09:45:00	47.9121	-54.8287	640.7995	10.4530	0.0000	-13.7680	17.2865
1	2024-09-29 09:50:00	47.0264	-53.6347	640.7995	10.4038	0.0000	-13.7913	17.2754
1	2024-09-29 09:55:00	46.1544	-52.4048	640.7995	10.3560	0.0000	-13.8107	17.2621
1	2024-09-29 10:00:00	45.2970	-51.1375	640.7995	10.3095	0.0000	-13.8261	17.2466
1	2024-09-29 10:05:00	44.4550	-49.8311	640.7995	10.2646	0.0000	-13.8375	17.2290
1	2024-09-29 10:10:00	43.6293	-48.4841	640.7995	10.2212	0.0000	-13.8451	17.2093
1	2024-09-29 10:15:00	42.8209	-47.0949	640.7995	10.1794	0.0000	-13.8487	17.1874
1	2024-09-29 10:20:00	42.0308	-45.6619	640.7995	10.1393	0.0000	-13.8484	17.1635
1	2024-09-29 10:25:00	41.2602	-44.1838	640.7995	10.1010	0.0000	-13.8443	17.1375
1	2024-09-29 10:30:00	40.5101	-42.6590	640.7995	10.0644	0.0000	-13.8362	17.1094
1	2024-09-29 10:35:00	39.7817	-41.0862	640.7995	10.0298	0.0000	-13.8243	17.0794
1	2024-09-29 10:40:00	39.0763	-39.4642	640.7995	9.9970	0.0000	-13.8085	17.0474
1	2024-09-29 10:45:00	38.3952	-37.7919	640.7995	9.9662	0.0000	-13.7889	17.0135
1	2024-09-29 10:50:00	37.7397	-36.0685	640.7995	9.9374	0.0000	-13.7655	16.9777
1	2024-09-29 10:55:00	37.1111	-34.2934	640.7995	9.9107	0.0000	-13.7383	16.9400
1	2024-09-29 11:00:00	36.5110	-32.4661	640.7995	9.8861	0.0000	-13.7074	16.9005
1	2024-09-29 11:05:00	35.9407	-30.5866	640.7995	9.8636	0.0000	-13.6728	16.8593
1	2024-09-29 11:10:00	35.4017	-28.6553	640.7995	9.8433	0.0000	-13.6345	16.8164
1	2024-09-29 11:15:00	34.8955	-26.6727	640.7995	9.8252	0.0000	-13.5926	16.7718
1	2024-09-29 11:20:00	34.4235	-24.6401	640.7995	9.8093	0.0000	-13.5472	16.7257
1	2024-09-29 11:25:00	33.9872	-22.5591	640.7995	9.7957	0.0000	-13.4982	16.6781
1	2024-09-29 11:30:00	33.5880	-20.4318	640.7995	9.7844	0.0000	-13.4458	16.6290
1	2024-09-29 11:35:00	33.2272	-18.2608	640.7995	9.7754	0.0000	-13.3899	16.5786
1	2024-09-29 11:40:00	32.9061	-16.0494	640.7995	9.7687	0.0000	-13.3308	16.5268
1	2024-09-29 11:45:00	32.6259	-13.8012	640.7995	9.7643	0.0000	-13.2684	16.4739
1	2024-09-29 11:50:00	32.3876	-11.5205	640.7995	9.7623	0.0000	-13.2028	16.4199
1	2024-09-29 11:55:00	32.1923	-9.2120	640.7995	9.7626	0.0000	-13.1341	16.3650
1	2024-09-29 12:00:00	32.0406	-6.8809	640.7995	9.7652	0.0000	-13.0624	16.3091
1	2024-09-29 12:05:00	31.9333	-4.5326	640.7995	9.7703	0.0000	-12.9878	16.2524
1	2024-09-29 12:10:00	31.8707	-2.1729	640.7995	9.7777	0.0000	-12.9103	16.1950
1	2024-09-29 12:15:00	31.8532	0.1922	640.7995	9.7874	0.0000	-12.8301	16.1371
1	2024-09-29 12:20:00	31.8807	2.5566	640.7995	9.7995	0.0000	-12.7474	16.0787
1	2024-09-29 12:25:00	31.9533	4.9143	640.7995	9.8139	0.0000	-12.6621	16.0201
1	2024-09-29 12:30:00	32.0705	7.2592	640.7995	9.8307	0.0000	-12.5745	15.9612
1	2024-09-29 12:35:00	32.2320	9.5858	640.7995	9.8498	0.0000	-12.4845	15.9023
1	2024-09-29 12:40:00	32.4369	11.8885	640.7995	9.8712	0.0000	-12.3925	15.8434
1	2024-09-29 12:45:00	32.6846	14.1623	640.7995	9.8948	0.0000	-12.2985	15.7848
1	2024-09-29 12:50:00	32.9740	16.4027	640.7995	9.9207	0.0000	-12.2026	15.7265
1	2024-09-29 12:55:00	33.3041	18.6053	640.7995	9.9489	0.0000	-12.1050	15.6688
1	2024-09-29 13:00:00	33.6736	20.7668	640.7995	9.9792	0.0000	-12.0058	15.6116
1	2024-09-29 13:05:00	34.0812	22.8839	640.7995	10.0117	0.0000	-11.9052	15.5553
1	2024-09-29 13:10:00	34.5256	24.9543	640.7995	10.0464	0.0000	-11.8033	15.4999
1	2024-09-29 13:15:00	35.0054	26.9757	640.7995	10.0831	0.0000	-11.7002	15.4456
1	2024-09-29 13:20:00	35.5191	28.9468	640.7995	10.1220	0.0000	-11.5963	15.3924
1	2024-09-29 13:25:00	36.0652	30.8666	640.7995	10.1628	0.0000	-11.4915	15.3407
1	2024-09-29 13:30:00	36.6423	32.7343	640.7995	10.2056	0.0000	-11.3861	15.2904
1	2024-09-29 13:35:00	37.2490	34.5497	640.7995	10.2504	0.0000	-11.2802	15.2418
1	2024-09-29 13:40:00	37.8838	36.3131	640.7995	10.2970	0.0000	-11.1740	15.1950
1	2024-09-29 13:45:00	38.5452	38.0248	640.7995	10.3455	0.0000	-11.0677	15.1500
1	2024-09-29 13:50:00	39.2320	39.6856	640.7995	10.3958	0.0000	-10.9614	15.1071
1	2024-09-29 13:55:00	39.9427	41.2963	640.7995	10.4478	0.0000	-10.8553	15.0663
1	2024-09-29 14:00:00	40.6762	42.8580	640.7995	10.5015	0.0000	-10.7495	15.0278
1	2024-09-29 14:05:00	41.4311	44.3719	640.7995	10.5568	0.0000	-10.6444	14.9916
1	2024-09-29 14:10:00	42.2063	45.8396	640.7995	10.6136	0.0000	-10.5399	14.9579
1	2024-09-29 14:15:00	43.0007	47.2622	640.7995	10.6719	0.0000	-10.4363	14.9267
1	2024-09-29 14:20:00	43.8132	48.6415	640.7995	10.7316	0.0000	-10.3338	14.8981
1	2024-09-29 14:25:00	44.6429	49.9789	640.7995	10.7927	0.0000	-10.2324	14.8723
1	2024-09-29 14:30:00	45.4886	51.2760	640.7995	10.8550	0.0000	-10.1325	14.8492
1	2024-09-29 14:35:00	46.3496	52.5344	640.7995	10.9185	0.0000	-10.0341	14.8289
1	2024-09-29 14:40:00	47.2249	53.7556	640.7995	10.9832	0.0000	-9.9374	14.8115
1	2024-09-29 14:45:00	48.1137	54.9412	640.7995	11.0488	0.0000	-9.8426	14.7971
1	2024-09-29 14:50:00	49.0154	56.0928	640.7995	11.1154	0.0000	-9.7498	14.7855
1	2024-09-29 14:55:00	49.9290	57.2117	640.7995	11.1829	0.0000	-9.6592	14.7769
1	2024-09-29 15:00:00	50.8541	58.2996	640.7995	11.2512	0.0000	-9.5709	14.7713
1	2024-09-29 15:05:00	51.7898	59.3578	640.7995	11.3201	0.0000	-9.4851	14.7686
1	2024-09-29 15:10:00	52.7357	60.3877	640.7995	11.3896	0.0000	-9.4019	14.7689
1	2024-09-29 15:15:00	53.6911	61.3906	640.7995	11.4597	0.0000	-9.3214	14.7720
1	2024-09-29 15:20:00	54.6555	62.3678	640.7995	11.5301	0.0000	-9.2439	14.7781
1	2024-09-29 15:25:00	55.6284	63.3206	640.7995	11.6008	0.0000	-9.1694	14.7870
1	2024-09-29 15:30:00	56.6093	64.2502	640.7995	11.6717	0.0000	-9.0980	14.7988
1	2024-09-29 15:35:00	57.5978	65.1576	640.7995	11.7427	0.0000	-9.0300	14.8132
1	2024-09-29 15:40:00	58.5934	66.0440	640.7995	11.8137	0.0000	-8.9653	14.8304
1	2024-09-29 15:45:00	59.5957	66.9105	640.7995	11.8845	0.0000	-8.9041	14.8501
1	2024-09-29 15:50:00	60.6044	67.7580	640.7995	11.9551	0.0000	-8.8466	14.8723
1	2024-09-29 15:55:00	61.6191	68.5876	640.7995	12.0253	0.0000	-8.7927	14.8970
1	2024-09-29 16:00:00	62.6394	69.4001	640.7995	12.0951	0.0000	-8.7427	14.9240
1	2024-09-29 16:05:00	63.6650	70.1965	640.7995	12.1642	0.0000	-8.6966	14.9533
1	2024-09-29 16:10:00	64.6956	70.9776	640.7995	12.2327	0.0000	-8.6546	14.9847
1	2024-09-29 16:15:00	65.7310	71.7443	640.7995	12.3003	0.0000	-8.6165	15.0180
1	2024-09-29 16:20:00	66.7707	72.4973	640.7995	12.3669	0.0000	-8.5827	15.0533
1	2024-09-29 16:25:00	67.8146	73.2374	640.7995	12.4324	0.0000	-8.5531	15.0904
1	2024-09-29 16:30:00	68.8624	73.9653	640.7995	12.4967	0.0000	-8.5277	15.1291
1	2024-09-29 16:35:00	69.9138	74.6817	640.7995	12.5596	0.0000	-8.5067	15.1693
1	2024-09-29 16:40:00	70.9686	75.3874	640.7995	12.6210	0.0000	-8.4901	15.2109
1	2024-09-29 16:45:00	72.0265	76.0829	640.7995	12.6808	0.0000	-8.4780	15.2538
1	2024-09-29 16:50:00	73.0874	76.7688	640.7995	12.7388	0.0000	-8.4703	15.2978
1	2024-09-29 16:55:00	74.1508	77.4459	640.7995	12.7949	0.0000	-8.4672	15.3428
1	2024-09-29 17:00:00	75.2167	78.1146	640.7995	12.8489	0.0000	-8.4685	15.3886
1	2024-09-29 17:05:00	76.2848	78.7756	640.7995	12.9007	0.0000	-8.4744	15.4352
1	2024-09-29 17:10:00	77.3547	79.4293	640.7995	12.9502	0.0000	-8.4849	15.4823
1	2024-09-29 17:15:00	78.4261	80.0764	640.7995	12.9972	0.0000	-8.4999	15.5298
1	2024-09-29 17:20:00	79.4988	80.7173	640.7995	13.0415	0.0000	-8.5194	15.5776
1	2024-09-29 17:25:00	80.5723	81.3526	640.7995	13.0831	0.0000	-8.5434	15.6255
1	2024-09-29 17:30:00	81.6460	81.9827	640.7995	13.1217	0.0000	-8.5718	15.6734
1	2024-09-29 17:35:00	82.7194	82.6082	640.7995	13.1572	0.0000	-8.6046	15.7211
1	2024-09-29 17:40:00	83.7913	83.2295	640.7995	13.1895	0.0000	-8.6417	15.7684
1	2024-09-29 17:45:00	84.8605	83.8470	640.7995	13.2184	0.0000	-8.6828	15.8151
1	2024-09-29 17:50:00	85.9247	84.4613	640.7995	13.2438	0.0000	-8.7277	15.8610
1	2024-09-29 17:55:00	86.9803	85.0727	640.7995	13.2655	0.0000	-8.7759	15.9057
1	2024-10-17 07:00:00	83.7653	-75.4796	640.7995	12.2674	0.0000	-11.0298	16.4969
1	2024-10-17 07:05:00	82.7224	-74.8391	640.7995	12.2464	0.0000	-11.1555	16.5656
1	2024-10-17 07:10:00	81.6800	-74.1918	640.7995	12.2229	0.0000	-11.2791	16.6318
1	2024-10-17 07:15:00	80.6391	-73.5372	640.7995	12.1970	0.0000	-11.4005	16.6955
1	2024-10-17 07:20:00	79.6002	-72.8748	640.7995	12.1688	0.0000	-11.5196	16.7565
1	2024-10-17 07:25:00	78.5639	-72.2042	640.7995	12.1385	0.0000	-11.6362	16.8150
1	2024-10-17 07:30:00	77.5307	-71.5247	640.7995	12.1062	0.0000	-11.7501	16.8709
1	2024-10-17 07:35:00	76.5010	-70.8360	640.7995	12.0721	0.0000	-11.8614	16.9242
1	2024-10-17 07:40:00	75.4750	-70.1374	640.7995	12.0362	0.0000	-11.9700	16.9750
1	2024-10-17 07:45:00	74.4532	-69.4285	640.7995	11.9987	0.0000	-12.0756	17.0232
1	2024-10-17 07:50:00	73.4357	-68.7086	640.7995	11.9598	0.0000	-12.1784	17.0689
1	2024-10-17 07:55:00	72.4230	-67.9773	640.7995	11.9194	0.0000	-12.2781	17.1121
1	2024-10-17 08:00:00	71.4153	-67.2339	640.7995	11.8779	0.0000	-12.3748	17.1528
1	2024-10-17 08:05:00	70.4130	-66.4777	640.7995	11.8353	0.0000	-12.4683	17.1911
1	2024-10-17 08:10:00	69.4162	-65.7082	640.7995	11.7917	0.0000	-12.5587	17.2268
1	2024-10-17 08:15:00	68.4254	-64.9248	640.7995	11.7472	0.0000	-12.6458	17.2602
1	2024-10-17 08:20:00	67.4408	-64.1267	640.7995	11.7020	0.0000	-12.7297	17.2911
1	2024-10-17 08:25:00	66.4629	-63.3133	640.7995	11.6562	0.0000	-12.8102	17.3196
1	2024-10-17 08:30:00	65.4919	-62.4838	640.7995	11.6099	0.0000	-12.8874	17.3458
1	2024-10-17 08:35:00	64.5281	-61.6376	640.7995	11.5632	0.0000	-12.9612	17.3696
1	2024-10-17 08:40:00	63.5721	-60.7739	640.7995	11.5162	0.0000	-13.0316	17.3910
1	2024-10-17 08:45:00	62.6241	-59.8919	640.7995	11.4691	0.0000	-13.0985	17.4101
1	2024-10-17 08:50:00	61.6845	-58.9908	640.7995	11.4219	0.0000	-13.1620	17.4269
1	2024-10-17 08:55:00	60.7539	-58.0698	640.7995	11.3747	0.0000	-13.2219	17.4414
1	2024-10-17 09:00:00	59.8326	-57.1281	640.7995	11.3277	0.0000	-13.2783	17.4537
1	2024-10-17 09:05:00	58.9212	-56.1649	640.7995	11.2810	0.0000	-13.3311	17.4637
1	2024-10-17 09:10:00	58.0200	-55.1792	640.7995	11.2346	0.0000	-13.3804	17.4714
1	2024-10-17 09:15:00	57.1297	-54.1702	640.7995	11.1886	0.0000	-13.4261	17.4770
1	2024-10-17 09:20:00	56.2508	-53.1370	640.7995	11.1432	0.0000	-13.4681	17.4803
1	2024-10-17 09:25:00	55.3838	-52.0787	640.7995	11.0984	0.0000	-13.5066	17.4815
1	2024-10-17 09:30:00	54.5294	-50.9943	640.7995	11.0544	0.0000	-13.5415	17.4806
1	2024-10-17 09:35:00	53.6881	-49.8831	640.7995	11.0111	0.0000	-13.5727	17.4775
1	2024-10-17 09:40:00	52.8606	-48.7439	640.7995	10.9687	0.0000	-13.6003	17.4723
1	2024-10-17 09:45:00	52.0476	-47.5761	640.7995	10.9273	0.0000	-13.6243	17.4651
1	2024-10-17 09:50:00	51.2499	-46.3785	640.7995	10.8870	0.0000	-13.6446	17.4557
1	2024-10-17 09:55:00	50.4681	-45.1505	640.7995	10.8478	0.0000	-13.6614	17.4444
1	2024-10-17 10:00:00	49.7030	-43.8911	640.7995	10.8097	0.0000	-13.6745	17.4310
1	2024-10-17 10:05:00	48.9554	-42.5995	640.7995	10.7729	0.0000	-13.6840	17.4157
1	2024-10-17 10:10:00	48.2262	-41.2750	640.7995	10.7375	0.0000	-13.6899	17.3985
1	2024-10-17 10:15:00	47.5163	-39.9169	640.7995	10.7035	0.0000	-13.6922	17.3793
1	2024-10-17 10:20:00	46.8264	-38.5246	640.7995	10.6709	0.0000	-13.6909	17.3582
1	2024-10-17 10:25:00	46.1576	-37.0976	640.7995	10.6398	0.0000	-13.6861	17.3354
1	2024-10-17 10:30:00	45.5108	-35.6353	640.7995	10.6103	0.0000	-13.6778	17.3107
1	2024-10-17 10:35:00	44.8869	-34.1376	640.7995	10.5824	0.0000	-13.6659	17.2842
1	2024-10-17 10:40:00	44.2870	-32.6042	640.7995	10.5562	0.0000	-13.6506	17.2561
1	2024-10-17 10:45:00	43.7120	-31.0352	640.7995	10.5317	0.0000	-13.6318	17.2262
1	2024-10-17 10:50:00	43.1629	-29.4306	640.7995	10.5090	0.0000	-13.6096	17.1948
1	2024-10-17 10:55:00	42.6408	-27.7909	640.7995	10.4880	0.0000	-13.5841	17.1617
1	2024-10-17 11:00:00	42.1466	-26.1165	640.7995	10.4690	0.0000	-13.5552	17.1272
1	2024-10-17 11:05:00	41.6814	-24.4082	640.7995	10.4517	0.0000	-13.5230	17.0912
1	2024-10-17 11:10:00	41.2462	-22.6670	640.7995	10.4364	0.0000	-13.4875	17.0538
1	2024-10-17 11:15:00	40.8419	-20.8941	640.7995	10.4231	0.0000	-13.4489	17.0151
1	2024-10-17 11:20:00	40.4695	-19.0911	640.7995	10.4117	0.0000	-13.4071	16.9751
1	2024-10-17 11:25:00	40.1298	-17.2596	640.7995	10.4023	0.0000	-13.3623	16.9339
1	2024-10-17 11:30:00	39.8238	-15.4016	640.7995	10.3949	0.0000	-13.3144	16.8917
1	2024-10-17 11:35:00	39.5521	-13.5193	640.7995	10.3895	0.0000	-13.2637	16.8483
1	2024-10-17 11:40:00	39.3156	-11.6153	640.7995	10.3862	0.0000	-13.2100	16.8041
1	2024-10-17 11:45:00	39.1148	-9.6922	640.7995	10.3849	0.0000	-13.1535	16.7589
1	2024-10-17 11:50:00	38.9503	-7.7529	640.7995	10.3857	0.0000	-13.0943	16.7130
1	2024-10-17 11:55:00	38.8226	-5.8005	640.7995	10.3885	0.0000	-13.0325	16.6664
1	2024-10-17 12:00:00	38.7320	-3.8382	640.7995	10.3935	0.0000	-12.9682	16.6192
1	2024-10-17 12:05:00	38.6789	-1.8693	640.7995	10.4005	0.0000	-12.9014	16.5715
1	2024-10-17 12:10:00	38.6633	0.1027	640.7995	10.4095	0.0000	-12.8323	16.5235
1	2024-10-17 12:15:00	38.6853	2.0744	640.7995	10.4207	0.0000	-12.7609	16.4751
1	2024-10-17 12:20:00	38.7449	4.0424	640.7995	10.4339	0.0000	-12.6873	16.4266
1	2024-10-17 12:25:00	38.8418	6.0032	640.7995	10.4491	0.0000	-12.6118	16.3781
1	2024-10-17 12:30:00	38.9759	7.9535	640.7995	10.4664	0.0000	-12.5343	16.3295
1	2024-10-17 12:35:00	39.1466	9.8902	640.7995	10.4857	0.0000	-12.4550	16.2812
1	2024-10-17 12:40:00	39.3535	11.8102	640.7995	10.5070	0.0000	-12.3741	16.2331
1	2024-10-17 12:45:00	39.5962	13.7106	640.7995	10.5302	0.0000	-12.2915	16.1854
1	2024-10-17 12:50:00	39.8738	15.5887	640.7995	10.5555	0.0000	-12.2076	16.1382
1	2024-10-17 12:55:00	40.1856	17.4422	640.7995	10.5826	0.0000	-12.1224	16.0917
1	2024-10-17 13:00:00	40.5310	19.2688	640.7995	10.6117	0.0000	-12.0360	16.0459
1	2024-10-17 13:05:00	40.9089	21.0666	640.7995	10.6426	0.0000	-11.9485	16.0010
1	2024-10-17 13:10:00	41.3186	22.8340	640.7995	10.6753	0.0000	-11.8602	15.9571
1	2024-10-17 13:15:00	41.7591	24.5694	640.7995	10.7099	0.0000	-11.7712	15.9142
1	2024-10-17 13:20:00	42.2293	26.2717	640.7995	10.7462	0.0000	-11.6815	15.8726
1	2024-10-17 13:25:00	42.7284	27.9400	640.7995	10.7842	0.0000	-11.5914	15.8322
1	2024-10-17 13:30:00	43.2552	29.5735	640.7995	10.8239	0.0000	-11.5010	15.7933
1	2024-10-17 13:35:00	43.8088	31.1717	640.7995	10.8652	0.0000	-11.4104	15.7560
1	2024-10-17 13:40:00	44.3882	32.7344	640.7995	10.9081	0.0000	-11.3198	15.7202
1	2024-10-17 13:45:00	44.9924	34.2613	640.7995	10.9525	0.0000	-11.2294	15.6862
1	2024-10-17 13:50:00	45.6203	35.7526	640.7995	10.9984	0.0000	-11.1392	15.6540
1	2024-10-17 13:55:00	46.2710	37.2084	640.7995	11.0457	0.0000	-11.0495	15.6237
1	2024-10-17 14:00:00	46.9436	38.6291	640.7995	11.0944	0.0000	-10.9603	15.5953
1	2024-10-17 14:05:00	47.6370	40.0151	640.7995	11.1443	0.0000	-10.8720	15.5690
1	2024-10-17 14:10:00	48.3504	41.3669	640.7995	11.1955	0.0000	-10.7845	15.5449
1	2024-10-17 14:15:00	49.0829	42.6852	640.7995	11.2478	0.0000	-10.6980	15.5229
1	2024-10-17 14:20:00	49.8336	43.9708	640.7995	11.3012	0.0000	-10.6127	15.5031
1	2024-10-17 14:25:00	50.6017	45.2242	640.7995	11.3556	0.0000	-10.5288	15.4856
1	2024-10-17 14:30:00	51.3864	46.4464	640.7995	11.4110	0.0000	-10.4463	15.4705
1	2024-10-17 14:35:00	52.1869	47.6382	640.7995	11.4672	0.0000	-10.3655	15.4577
1	2024-10-17 14:40:00	53.0025	48.8005	640.7995	11.5242	0.0000	-10.2864	15.4472
1	2024-10-17 14:45:00	53.8325	49.9342	640.7995	11.5819	0.0000	-10.2092	15.4392
1	2024-10-17 14:50:00	54.6762	51.0401	640.7995	11.6403	0.0000	-10.1340	15.4336
1	2024-10-17 14:55:00	55.5330	52.1193	640.7995	11.6992	0.0000	-10.0610	15.4303
1	2024-10-17 15:00:00	56.4022	53.1725	640.7995	11.7585	0.0000	-9.9903	15.4295
1	2024-10-17 15:05:00	57.2832	54.2008	640.7995	11.8182	0.0000	-9.9220	15.4310
1	2024-10-17 15:10:00	58.1756	55.2049	640.7995	11.8781	0.0000	-9.8563	15.4349
1	2024-10-17 15:15:00	59.0787	56.1859	640.7995	11.9383	0.0000	-9.7932	15.4412
1	2024-10-17 15:20:00	59.9920	57.1446	640.7995	11.9984	0.0000	-9.7329	15.4497
1	2024-10-17 15:25:00	60.9151	58.0818	640.7995	12.0586	0.0000	-9.6755	15.4604
1	2024-10-17 15:30:00	61.8474	58.9984	640.7995	12.1186	0.0000	-9.6211	15.4734
1	2024-10-17 15:35:00	62.7886	59.8952	640.7995	12.1784	0.0000	-9.5698	15.4885
1	2024-10-17 15:40:00	63.7382	60.7731	640.7995	12.2379	0.0000	-9.5216	15.5057
1	2024-10-17 15:45:00	64.6959	61.6328	640.7995	12.2969	0.0000	-9.4768	15.5249
1	2024-10-17 15:50:00	65.6611	62.4750	640.7995	12.3553	0.0000	-9.4353	15.5461
1	2024-10-17 15:55:00	66.6335	63.3006	640.7995	12.4131	0.0000	-9.3973	15.5690
1	2024-10-17 16:00:00	67.6129	64.1102	640.7995	12.4701	0.0000	-9.3628	15.5938
1	2024-10-17 16:05:00	68.5988	64.9046	640.7995	12.5262	0.0000	-9.3320	15.6202
1	2024-10-17 16:10:00	69.5909	65.6845	640.7995	12.5813	0.0000	-9.3048	15.6483
1	2024-10-17 16:15:00	70.5889	66.4504	640.7995	12.6352	0.0000	-9.2813	15.6778
1	2024-10-17 16:20:00	71.5924	67.2030	640.7995	12.6879	0.0000	-9.2617	15.7087
1	2024-10-17 16:25:00	72.6013	67.9431	640.7995	12.7392	0.0000	-9.2459	15.7408
1	2024-10-17 16:30:00	73.6151	68.6710	640.7995	12.7890	0.0000	-9.2339	15.7742
1	2024-10-17 16:35:00	74.6336	69.3876	640.7995	12.8372	0.0000	-9.2260	15.8086
1	2024-10-17 16:40:00	75.6565	70.0933	640.7995	12.8836	0.0000	-9.2219	15.8440
1	2024-10-17 16:45:00	76.6835	70.7886	640.7995	12.9281	0.0000	-9.2218	15.8802
1	2024-10-17 16:50:00	77.7142	71.4742	640.7995	12.9707	0.0000	-9.2258	15.9171
1	2024-10-17 16:55:00	78.7483	72.1505	640.7995	13.0110	0.0000	-9.2337	15.9546
1	2024-11-06 07:00:00	86.8188	-69.5548	640.7995	12.3580	0.0000	-11.0945	16.6075
1	2024-11-06 07:05:00	85.8277	-68.9235	640.7995	12.3482	0.0000	-11.2059	16.6749
1	2024-11-06 07:10:00	84.8326	-68.2844	640.7995	12.3360	0.0000	-11.3162	16.7401
1	2024-11-06 07:15:00	83.8366	-67.6371	640.7995	12.3214	0.0000	-11.4249	16.8032
1	2024-11-06 07:20:00	82.8417	-66.9812	640.7995	12.3047	0.0000	-11.5319	16.8639
1	2024-11-06 07:25:00	81.8490	-66.3162	640.7995	12.2860	0.0000	-11.6369	16.9222
1	2024-11-06 07:30:00	80.8596	-65.6417	640.7995	12.2653	0.0000	-11.7398	16.9782
1	2024-11-06 07:35:00	79.8742	-64.9573	640.7995	12.2427	0.0000	-11.8405	17.0318
1	2024-11-06 07:40:00	78.8932	-64.2626	640.7995	12.2184	0.0000	-11.9389	17.0830
1	2024-11-06 07:45:00	77.9171	-63.5570	640.7995	12.1925	0.0000	-12.0349	17.1317
1	2024-11-06 07:50:00	76.9464	-62.8402	640.7995	12.1651	0.0000	-12.1284	17.1781
1	2024-11-06 07:55:00	75.9815	-62.1117	640.7995	12.1364	0.0000	-12.2193	17.2221
1	2024-11-06 08:00:00	75.0227	-61.3709	640.7995	12.1063	0.0000	-12.3075	17.2638
1	2024-11-06 08:05:00	74.0703	-60.6174	640.7995	12.0751	0.0000	-12.3930	17.3031
1	2024-11-06 08:10:00	73.1247	-59.8507	640.7995	12.0429	0.0000	-12.4758	17.3400
1	2024-11-06 08:15:00	72.1863	-59.0702	640.7995	12.0097	0.0000	-12.5557	17.3746
1	2024-11-06 08:20:00	71.2554	-58.2755	640.7995	11.9757	0.0000	-12.6327	17.4069
1	2024-11-06 08:25:00	70.3324	-57.4660	640.7995	11.9409	0.0000	-12.7068	17.4369
1	2024-11-06 08:30:00	69.4176	-56.6411	640.7995	11.9055	0.0000	-12.7779	17.4647
1	2024-11-06 08:35:00	68.5113	-55.8004	640.7995	11.8696	0.0000	-12.8459	17.4902
1	2024-11-06 08:40:00	67.6141	-54.9432	640.7995	11.8333	0.0000	-12.9110	17.5134
1	2024-11-06 08:45:00	66.7263	-54.0691	640.7995	11.7967	0.0000	-12.9729	17.5345
1	2024-11-06 08:50:00	65.8482	-53.1773	640.7995	11.7599	0.0000	-13.0317	17.5533
1	2024-11-06 08:55:00	64.9803	-52.2674	640.7995	11.7229	0.0000	-13.0873	17.5700
1	2024-11-06 09:00:00	64.1232	-51.3388	640.7995	11.6859	0.0000	-13.1398	17.5845
1	2024-11-06 09:05:00	63.2771	-50.3908	640.7995	11.6490	0.0000	-13.1891	17.5969
1	2024-11-06 09:10:00	62.4426	-49.4230	640.7995	11.6123	0.0000	-13.2351	17.6072
1	2024-11-06 09:15:00	61.6202	-48.4347	640.7995	11.5758	0.0000	-13.2779	17.6154
1	2024-11-06 09:20:00	60.8104	-47.4253	640.7995	11.5396	0.0000	-13.3175	17.6215
1	2024-11-06 09:25:00	60.0138	-46.3944	640.7995	11.5038	0.0000	-13.3538	17.6256
1	2024-11-06 09:30:00	59.2308	-45.3413	640.7995	11.4686	0.0000	-13.3869	17.6277
1	2024-11-06 09:35:00	58.4620	-44.2655	640.7995	11.4339	0.0000	-13.4166	17.6278
1	2024-11-06 09:40:00	57.7081	-43.1665	640.7995	11.3999	0.0000	-13.4431	17.6260
1	2024-11-06 09:45:00	56.9696	-42.0439	640.7995	11.3666	0.0000	-13.4664	17.6222
1	2024-11-06 09:50:00	56.2472	-40.8971	640.7995	11.3342	0.0000	-13.4863	17.6166
1	2024-11-06 09:55:00	55.5414	-39.7258	640.7995	11.3026	0.0000	-13.5030	17.6091
1	2024-11-06 10:00:00	54.8530	-38.5295	640.7995	11.2719	0.0000	-13.5164	17.5997
1	2024-11-06 10:05:00	54.1826	-37.3080	640.7995	11.2423	0.0000	-13.5266	17.5885
1	2024-11-06 10:10:00	53.5310	-36.0609	640.7995	11.2137	0.0000	-13.5335	17.5756
1	2024-11-06 10:15:00	52.8987	-34.7882	640.7995	11.1863	0.0000	-13.5372	17.5610
1	2024-11-06 10:20:00	52.2866	-33.4895	640.7995	11.1600	0.0000	-13.5377	17.5447
1	2024-11-06 10:25:00	51.6953	-32.1649	640.7995	11.1350	0.0000	-13.5350	17.5267
1	2024-11-06 10:30:00	51.1256	-30.8143	640.7995	11.1113	0.0000	-13.5292	17.5071
1	2024-11-06 10:35:00	50.5783	-29.4380	640.7995	11.0890	0.0000	-13.5202	17.4860
1	2024-11-06 10:40:00	50.0540	-28.0360	640.7995	11.0680	0.0000	-13.5081	17.4634
1	2024-11-06 10:45:00	49.5535	-26.6088	640.7995	11.0485	0.0000	-13.4930	17.4393
1	2024-11-06 10:50:00	49.0776	-25.1568	640.7995	11.0304	0.0000	-13.4748	17.4138
1	2024-11-06 10:55:00	48.6269	-23.6805	640.7995	11.0139	0.0000	-13.4536	17.3870
1	2024-11-06 11:00:00	48.2023	-22.1806	640.7995	10.9989	0.0000	-13.4295	17.3588
1	2024-11-06 11:05:00	47.8043	-20.6579	640.7995	10.9855	0.0000	-13.4025	17.3294
1	2024-11-06 11:10:00	47.4336	-19.1134	640.7995	10.9737	0.0000	-13.3727	17.2989
1	2024-11-06 11:15:00	47.0910	-17.5482	640.7995	10.9636	0.0000	-13.3400	17.2672
1	2024-11-06 11:20:00	46.7771	-15.9635	640.7995	10.9551	0.0000	-13.3046	17.2345
1	2024-11-06 11:25:00	46.4923	-14.3607	640.7995	10.9484	0.0000	-13.2665	17.2008
1	2024-11-06 11:30:00	46.2373	-12.7411	640.7995	10.9433	0.0000	-13.2258	17.1662
1	2024-11-06 11:35:00	46.0126	-11.1065	640.7995	10.9400	0.0000	-13.1825	17.1308
1	2024-11-06 11:40:00	45.8186	-9.4586	640.7995	10.9384	0.0000	-13.1368	17.0946
1	2024-11-06 11:45:00	45.6557	-7.7991	640.7995	10.9386	0.0000	-13.0887	17.0577
1	2024-11-06 11:50:00	45.5243	-6.1300	640.7995	10.9405	0.0000	-13.0382	17.0202
1	2024-11-06 11:55:00	45.4245	-4.4533	640.7995	10.9442	0.0000	-12.9855	16.9823
1	2024-11-06 12:00:00	45.3567	-2.7711	640.7995	10.9496	0.0000	-12.9306	16.9439
1	2024-11-06 12:05:00	45.3210	-1.0854	640.7995	10.9569	0.0000	-12.8736	16.9051
1	2024-11-06 12:10:00	45.3174	0.6016	640.7995	10.9659	0.0000	-12.8147	16.8661
1	2024-11-06 12:15:00	45.3460	2.2878	640.7995	10.9767	0.0000	-12.7538	16.8270
1	2024-11-06 12:20:00	45.4066	3.9709	640.7995	10.9892	0.0000	-12.6912	16.7878
1	2024-11-06 12:25:00	45.4993	5.6490	640.7995	11.0035	0.0000	-12.6269	16.7486
1	2024-11-06 12:30:00	45.6237	7.3199	640.7995	11.0195	0.0000	-12.5610	16.7095
1	2024-11-06 12:35:00	45.7796	8.9816	640.7995	11.0372	0.0000	-12.4936	16.6707
1	2024-11-06 12:40:00	45.9667	10.6322	640.7995	11.0566	0.0000	-12.4249	16.6321
1	2024-11-06 12:45:00	46.1846	12.2698	640.7995	11.0778	0.0000	-12.3549	16.5940
1	2024-11-06 12:50:00	46.4328	13.8927	640.7995	11.1005	0.0000	-12.2838	16.5564
1	2024-11-06 12:55:00	46.7110	15.4993	640.7995	11.1249	0.0000	-12.2116	16.5193
1	2024-11-06 13:00:00	47.0185	17.0880	640.7995	11.1509	0.0000	-12.1386	16.4830
1	2024-11-06 13:05:00	47.3547	18.6574	640.7995	11.1785	0.0000	-12.0648	16.4474
1	2024-11-06 13:10:00	47.7191	20.2064	640.7995	11.2076	0.0000	-11.9903	16.4127
1	2024-11-06 13:15:00	48.1111	21.7338	640.7995	11.2382	0.0000	-11.9153	16.3790
1	2024-11-06 13:20:00	48.5299	23.2386	640.7995	11.2703	0.0000	-11.8399	16.3464
1	2024-11-06 13:25:00	48.9748	24.7200	640.7995	11.3038	0.0000	-11.7642	16.3148
1	2024-11-06 13:30:00	49.4451	26.1772	640.7995	11.3387	0.0000	-11.6884	16.2845
1	2024-11-06 13:35:00	49.9402	27.6097	640.7995	11.3750	0.0000	-11.6125	16.2555
1	2024-11-06 13:40:00	50.4592	29.0170	640.7995	11.4125	0.0000	-11.5368	16.2279
1	2024-11-06 13:45:00	51.0015	30.3987	640.7995	11.4513	0.0000	-11.4614	16.2017
1	2024-11-06 13:50:00	51.5662	31.7547	640.7995	11.4912	0.0000	-11.3863	16.1770
1	2024-11-06 13:55:00	52.1528	33.0847	640.7995	11.5323	0.0000	-11.3117	16.1539
1	2024-11-06 14:00:00	52.7603	34.3888	640.7995	11.5744	0.0000	-11.2378	16.1324
1	2024-11-06 14:05:00	53.3881	35.6669	640.7995	11.6176	0.0000	-11.1646	16.1126
1	2024-11-06 14:10:00	54.0355	36.9192	640.7995	11.6617	0.0000	-11.0924	16.0946
1	2024-11-06 14:15:00	54.7018	38.1460	640.7995	11.7067	0.0000	-11.0212	16.0783
1	2024-11-06 14:20:00	55.3862	39.3474	640.7995	11.7525	0.0000	-10.9511	16.0639
1	2024-11-06 14:25:00	56.0881	40.5237	640.7995	11.7991	0.0000	-10.8823	16.0513
1	2024-11-06 14:30:00	56.8069	41.6754	640.7995	11.8463	0.0000	-10.8150	16.0405
1	2024-11-06 14:35:00	57.5419	42.8029	640.7995	11.8942	0.0000	-10.7492	16.0317
1	2024-11-06 14:40:00	58.2924	43.9065	640.7995	11.9425	0.0000	-10.6850	16.0248
1	2024-11-06 14:45:00	59.0579	44.9869	640.7995	11.9914	0.0000	-10.6226	16.0198
1	2024-11-06 14:50:00	59.8377	46.0444	640.7995	12.0406	0.0000	-10.5621	16.0167
1	2024-11-06 14:55:00	60.6314	47.0796	640.7995	12.0901	0.0000	-10.5036	16.0155
1	2024-11-06 15:00:00	61.4383	48.0930	640.7995	12.1398	0.0000	-10.4472	16.0162
1	2024-11-06 15:05:00	62.2579	49.0853	640.7995	12.1896	0.0000	-10.3931	16.0188
1	2024-11-06 15:10:00	63.0897	50.0570	640.7995	12.2394	0.0000	-10.3412	16.0233
1	2024-11-06 15:15:00	63.9332	51.0086	640.7995	12.2892	0.0000	-10.2918	16.0295
1	2024-11-06 15:20:00	64.7880	51.9407	640.7995	12.3389	0.0000	-10.2449	16.0376
1	2024-11-06 15:25:00	65.6535	52.8540	640.7995	12.3883	0.0000	-10.2006	16.0475
1	2024-11-06 15:30:00	66.5293	53.7489	640.7995	12.4373	0.0000	-10.1590	16.0591
1	2024-11-06 15:35:00	67.4150	54.6261	640.7995	12.4860	0.0000	-10.1203	16.0723
1	2024-11-06 15:40:00	68.3102	55.4862	640.7995	12.5341	0.0000	-10.0844	16.0872
1	2024-11-06 15:45:00	69.2145	56.3296	640.7995	12.5815	0.0000	-10.0514	16.1036
1	2024-11-06 15:50:00	70.1274	57.1571	640.7995	12.6282	0.0000	-10.0214	16.1215
1	2024-11-06 15:55:00	71.0487	57.9690	640.7995	12.6741	0.0000	-9.9946	16.1408
1	2024-11-06 16:00:00	71.9779	58.7660	640.7995	12.7190	0.0000	-9.9709	16.1614
1	2024-11-06 16:05:00	72.9146	59.5486	640.7995	12.7629	0.0000	-9.9504	16.1834
1	2024-11-06 16:10:00	73.8586	60.3173	640.7995	12.8056	0.0000	-9.9332	16.2065
1	2024-11-06 16:15:00	74.8095	61.0726	640.7995	12.8470	0.0000	-9.9192	16.2307
1	2024-11-06 16:20:00	75.7670	61.8150	640.7995	12.8870	0.0000	-9.9086	16.2560
1	2024-11-06 16:25:00	76.7306	62.5451	640.7995	12.9256	0.0000	-9.9014	16.2822
1	2024-11-06 16:30:00	77.7001	63.2633	640.7995	12.9625	0.0000	-9.8976	16.3092
1	2024-11-06 16:35:00	78.6750	63.9701	640.7995	12.9977	0.0000	-9.8972	16.3370
1	2024-11-06 16:40:00	79.6550	64.6660	640.7995	13.0311	0.0000	-9.9003	16.3654
1	2024-11-06 16:45:00	80.6395	65.3513	640.7995	13.0625	0.0000	-9.9068	16.3943
1	2024-11-06 16:50:00	81.6282	66.0266	640.7995	13.0919	0.0000	-9.9167	16.4237
1	2024-11-06 16:55:00	82.6202	66.6923	640.7995	13.1191	0.0000	-9.9300	16.4535
1	2024-12-21 07:00:00	93.6546	-65.1392	640.7995	12.4000	0.0000	-10.8442	16.4729
1	2024-12-21 07:05:00	92.6656	-64.5584	640.7995	12.4085	0.0000	-10.9468	16.5470
1	2024-12-21 07:10:00	91.6814	-63.9700	640.7995	12.4144	0.0000	-11.0484	16.6188
1	2024-12-21 07:15:00	90.2395	-63.3737	640.7995	12.4172	0.0000	-11.1804	16.7090
1	2024-12-21 07:20:00	89.3821	-62.7692	640.7995	12.4178	0.0000	-11.2715	16.7704
1	2024-12-21 07:25:00	88.4952	-62.1561	640.7995	12.4164	0.0000	-11.3636	16.8315
1	2024-12-21 07:30:00	87.5868	-61.5342	640.7995	12.4131	0.0000	-11.4561	16.8916
1	2024-12-21 07:35:00	86.6670	-60.9031	640.7995	12.4077	0.0000	-11.5482	16.9503
1	2024-12-21 07:40:00	85.7423	-60.2626	640.7995	12.4004	0.0000	-11.6394	17.0072
1	2024-12-21 07:45:00	84.8168	-59.6123	640.7995	12.3913	0.0000	-11.7293	17.0622
1	2024-12-21 07:50:00	83.8930	-58.9518	640.7995	12.3804	0.0000	-11.8177	17.1152
1	2024-12-21 07:55:00	82.9724	-58.2809	640.7995	12.3678	0.0000	-11.9043	17.1661
1	2024-12-21 08:00:00	82.0562	-57.5993	640.7995	12.3537	0.0000	-11.9892	17.2149
1	2024-12-21 08:05:00	81.1453	-56.9064	640.7995	12.3380	0.0000	-12.0721	17.2616
1	2024-12-21 08:10:00	80.2403	-56.2022	640.7995	12.3210	0.0000	-12.1529	17.3061
1	2024-12-21 08:15:00	79.3418	-55.4860	640.7995	12.3027	0.0000	-12.2315	17.3484
1	2024-12-21 08:20:00	78.4503	-54.7577	640.7995	12.2832	0.0000	-12.3080	17.3886
1	2024-12-21 08:25:00	77.5662	-54.0169	640.7995	12.2626	0.0000	-12.3821	17.4267
1	2024-12-21 08:30:00	76.6900	-53.2631	640.7995	12.2410	0.0000	-12.4539	17.4626
1	2024-12-21 08:35:00	75.8220	-52.4960	640.7995	12.2185	0.0000	-12.5232	17.4964
1	2024-12-21 08:40:00	74.9627	-51.7153	640.7995	12.1951	0.0000	-12.5901	17.5281
1	2024-12-21 08:45:00	74.1123	-50.9206	640.7995	12.1711	0.0000	-12.6545	17.5576
1	2024-12-21 08:50:00	73.2713	-50.1115	640.7995	12.1463	0.0000	-12.7163	17.5852
1	2024-12-21 08:55:00	72.4401	-49.2876	640.7995	12.1211	0.0000	-12.7755	17.6106
1	2024-12-21 09:00:00	71.6190	-48.4486	640.7995	12.0954	0.0000	-12.8320	17.6340
1	2024-12-21 09:05:00	70.8085	-47.5942	640.7995	12.0693	0.0000	-12.8859	17.6554
1	2024-12-21 09:10:00	70.0089	-46.7238	640.7995	12.0429	0.0000	-12.9371	17.6748
1	2024-12-21 09:15:00	69.2206	-45.8373	640.7995	12.0163	0.0000	-12.9855	17.6922
1	2024-12-21 09:20:00	68.4441	-44.9343	640.7995	11.9896	0.0000	-13.0311	17.7076
1	2024-12-21 09:25:00	67.6799	-44.0144	640.7995	11.9628	0.0000	-13.0740	17.7211
1	2024-12-21 09:30:00	66.9282	-43.0772	640.7995	11.9361	0.0000	-13.1141	17.7327
1	2024-12-21 09:35:00	66.1897	-42.1226	640.7995	11.9095	0.0000	-13.1513	17.7425
1	2024-12-21 09:40:00	65.4647	-41.1501	640.7995	11.8831	0.0000	-13.1858	17.7503
1	2024-12-21 09:45:00	64.7538	-40.1596	640.7995	11.8570	0.0000	-13.2174	17.7563
1	2024-12-21 09:50:00	64.0573	-39.1507	640.7995	11.8312	0.0000	-13.2461	17.7605
1	2024-12-21 09:55:00	63.3759	-38.1233	640.7995	11.8058	0.0000	-13.2720	17.7630
1	2024-12-21 10:00:00	62.7099	-37.0771	640.7995	11.7809	0.0000	-13.2950	17.7637
1	2024-12-21 10:05:00	62.0600	-36.0119	640.7995	11.7566	0.0000	-13.3152	17.7626
1	2024-12-21 10:10:00	61.4266	-34.9277	640.7995	11.7328	0.0000	-13.3325	17.7599
1	2024-12-21 10:15:00	60.8103	-33.8243	640.7995	11.7097	0.0000	-13.3470	17.7556
1	2024-12-21 10:20:00	60.2115	-32.7017	640.7995	11.6874	0.0000	-13.3587	17.7496
1	2024-12-21 10:25:00	59.6309	-31.5599	640.7995	11.6658	0.0000	-13.3676	17.7421
1	2024-12-21 10:30:00	59.0690	-30.3988	640.7995	11.6451	0.0000	-13.3736	17.7331
1	2024-12-21 10:35:00	58.5263	-29.2187	640.7995	11.6253	0.0000	-13.3769	17.7225
1	2024-12-21 10:40:00	58.0033	-28.0195	640.7995	11.6064	0.0000	-13.3774	17.7105
1	2024-12-21 10:45:00	57.5007	-26.8017	640.7995	11.5885	0.0000	-13.3751	17.6971
1	2024-12-21 10:50:00	57.0190	-25.5653	640.7995	11.5716	0.0000	-13.3702	17.6823
1	2024-12-21 10:55:00	56.5586	-24.3107	640.7995	11.5558	0.0000	-13.3626	17.6662
1	2024-12-21 11:00:00	56.1202	-23.0384	640.7995	11.5412	0.0000	-13.3523	17.6489
1	2024-12-21 11:05:00	55.7042	-21.7488	640.7995	11.5277	0.0000	-13.3394	17.6303
1	2024-12-21 11:10:00	55.3112	-20.4425	640.7995	11.5154	0.0000	-13.3239	17.6105
1	2024-12-21 11:15:00	54.9416	-19.1200	640.7995	11.5043	0.0000	-13.3059	17.5897
1	2024-12-21 11:20:00	54.5961	-17.7821	640.7995	11.4945	0.0000	-13.2854	17.5678
1	2024-12-21 11:25:00	54.2749	-16.4295	640.7995	11.4860	0.0000	-13.2625	17.5448
1	2024-12-21 11:30:00	53.9785	-15.0630	640.7995	11.4788	0.0000	-13.2371	17.5210
1	2024-12-21 11:35:00	53.7075	-13.6837	640.7995	11.4729	0.0000	-13.2095	17.4962
1	2024-12-21 11:40:00	53.4620	-12.2923	640.7995	11.4684	0.0000	-13.1795	17.4707
1	2024-12-21 11:45:00	53.2426	-10.8901	640.7995	11.4653	0.0000	-13.1473	17.4443
1	2024-12-21 11:50:00	53.0495	-9.4781	640.7995	11.4636	0.0000	-13.1129	17.4173
1	2024-12-21 11:55:00	52.8831	-8.0574	640.7995	11.4633	0.0000	-13.0765	17.3897
1	2024-12-21 12:00:00	52.7435	-6.6294	640.7995	11.4644	0.0000	-13.0380	17.3615
1	2024-12-21 12:05:00	52.6310	-5.1951	640.7995	11.4669	0.0000	-12.9975	17.3328
1	2024-12-21 12:10:00	52.5458	-3.7560	640.7995	11.4708	0.0000	-12.9552	17.3037
1	2024-12-21 12:15:00	52.4879	-2.3134	640.7995	11.4762	0.0000	-12.9111	17.2743
1	2024-12-21 12:20:00	52.4576	-0.8685	640.7995	11.4831	0.0000	-12.8652	17.2445
1	2024-12-21 12:25:00	52.4548	0.5771	640.7995	11.4913	0.0000	-12.8177	17.2146
1	2024-12-21 12:30:00	52.4796	2.0222	640.7995	11.5011	0.0000	-12.7686	17.1846
1	2024-12-21 12:35:00	52.5319	3.4654	640.7995	11.5122	0.0000	-12.7180	17.1545
1	2024-12-21 12:40:00	52.6115	4.9054	640.7995	11.5247	0.0000	-12.6660	17.1245
1	2024-12-21 12:45:00	52.7185	6.3407	640.7995	11.5387	0.0000	-12.6128	17.0946
1	2024-12-21 12:50:00	52.8526	7.7701	640.7995	11.5540	0.0000	-12.5583	17.0648
1	2024-12-21 12:55:00	53.0137	9.1924	640.7995	11.5708	0.0000	-12.5028	17.0353
1	2024-12-21 13:00:00	53.2014	10.6063	640.7995	11.5888	0.0000	-12.4462	17.0061
1	2024-12-21 13:05:00	53.4155	12.0106	640.7995	11.6082	0.0000	-12.3887	16.9774
1	2024-12-21 13:10:00	53.6557	13.4042	640.7995	11.6290	0.0000	-12.3305	16.9491
1	2024-12-21 13:15:00	53.9216	14.7860	640.7995	11.6510	0.0000	-12.2715	16.9214
1	2024-12-21 13:20:00	54.2129	16.1552	640.7995	11.6743	0.0000	-12.2119	16.8944
1	2024-12-21 13:25:00	54.5291	17.5106	640.7995	11.6988	0.0000	-12.1519	16.8680
1	2024-12-21 13:30:00	54.8697	18.8516	640.7995	11.7245	0.0000	-12.0914	16.8424
1	2024-12-21 13:35:00	55.2345	20.1773	640.7995	11.7513	0.0000	-12.0307	16.8176
1	2024-12-21 13:40:00	55.6228	21.4869	640.7995	11.7793	0.0000	-11.9698	16.7937
1	2024-12-21 13:45:00	56.0341	22.7800	640.7995	11.8084	0.0000	-11.9089	16.7708
1	2024-12-21 13:50:00	56.4681	24.0558	640.7995	11.8385	0.0000	-11.8481	16.7489
1	2024-12-21 13:55:00	56.9240	25.3140	640.7995	11.8696	0.0000	-11.7874	16.7281
1	2024-12-21 14:00:00	57.4015	26.5541	640.7995	11.9016	0.0000	-11.7270	16.7084
1	2024-12-21 14:05:00	57.9000	27.7758	640.7995	11.9345	0.0000	-11.6670	16.6899
1	2024-12-21 14:10:00	58.4188	28.9787	640.7995	11.9683	0.0000	-11.6075	16.6726
1	2024-12-21 14:15:00	58.9576	30.1627	640.7995	12.0029	0.0000	-11.5486	16.6565
1	2024-12-21 14:20:00	59.5157	31.3277	640.7995	12.0383	0.0000	-11.4904	16.6418
1	2024-12-21 14:25:00	60.0925	32.4734	640.7995	12.0743	0.0000	-11.4331	16.6284
1	2024-12-21 14:30:00	60.6877	33.5999	640.7995	12.1110	0.0000	-11.3767	16.6164
1	2024-12-21 14:35:00	61.3005	34.7072	640.7995	12.1482	0.0000	-11.3214	16.6058
1	2024-12-21 14:40:00	61.9305	35.7953	640.7995	12.1859	0.0000	-11.2672	16.5966
1	2024-12-21 14:45:00	62.5771	36.8643	640.7995	12.2240	0.0000	-11.2143	16.5888
1	2024-12-21 14:50:00	63.2398	37.9143	640.7995	12.2626	0.0000	-11.1628	16.5825
1	2024-12-21 14:55:00	63.9182	38.9455	640.7995	12.3014	0.0000	-11.1127	16.5776
1	2024-12-21 15:00:00	64.6116	39.9582	640.7995	12.3404	0.0000	-11.0642	16.5742
1	2024-12-21 15:05:00	65.3197	40.9524	640.7995	12.3796	0.0000	-11.0174	16.5722
1	2024-12-21 15:10:00	66.0419	41.9285	640.7995	12.4189	0.0000	-10.9723	16.5717
1	2024-12-21 15:15:00	66.7777	42.8867	640.7995	12.4582	0.0000	-10.9291	16.5726
1	2024-12-21 15:20:00	67.5267	43.8274	640.7995	12.4974	0.0000	-10.8878	16.5749
1	2024-12-21 15:25:00	68.2885	44.7508	640.7995	12.5365	0.0000	-10.8485	16.5787
1	2024-12-21 15:30:00	69.0625	45.6572	640.7995	12.5753	0.0000	-10.8113	16.5838
1	2024-12-21 15:35:00	69.8484	46.5471	640.7995	12.6138	0.0000	-10.7763	16.5903
1	2024-12-21 15:40:00	70.6457	47.4207	640.7995	12.6519	0.0000	-10.7436	16.5981
1	2024-12-21 15:45:00	71.4541	48.2783	640.7995	12.6895	0.0000	-10.7132	16.6071
1	2024-12-21 15:50:00	72.2731	49.1204	640.7995	12.7265	0.0000	-10.6852	16.6174
1	2024-12-21 15:55:00	73.1023	49.9473	640.7995	12.7629	0.0000	-10.6597	16.6289
1	2024-12-21 16:00:00	73.9413	50.7594	640.7995	12.7985	0.0000	-10.6367	16.6416
1	2024-12-21 16:05:00	74.7898	51.5570	640.7995	12.8333	0.0000	-10.6163	16.6553
1	2024-12-21 16:10:00	75.6474	52.3405	640.7995	12.8671	0.0000	-10.5985	16.6701
1	2024-12-21 16:15:00	76.5137	53.1103	640.7995	12.8999	0.0000	-10.5834	16.6858
1	2024-12-21 16:20:00	77.3883	53.8668	640.7995	12.9316	0.0000	-10.5711	16.7025
1	2024-12-21 16:25:00	78.2708	54.6102	640.7995	12.9621	0.0000	-10.5615	16.7200
1	2024-12-21 16:30:00	79.1608	55.3411	640.7995	12.9912	0.0000	-10.5546	16.7383
1	2024-12-21 16:35:00	80.0579	56.0597	640.7995	13.0189	0.0000	-10.5506	16.7573
1	2024-12-21 16:40:00	80.9616	56.7663	640.7995	13.0451	0.0000	-10.5495	16.7770
1	2024-12-21 16:45:00	81.8714	57.4615	640.7995	13.0697	0.0000	-10.5511	16.7972
1	2024-12-21 16:50:00	82.7866	58.1454	640.7995	13.0927	0.0000	-10.5556	16.8178
1	2024-12-21 16:55:00	83.7064	58.8184	640.7995	13.1138	0.0000	-10.5629	16.8388
