id	Y-M-D h:m:s	cenit	acimut	declinacion	d	p1	p2	p3	r	hs:ms:ss
5087, 2024-06-21 07:25:34, 66.5503, -104.7951, 23.4364, 114.8646, 0.0426, 0.0000, -1.4044, 1.4050, 06:59:00
5087, 2024-06-21 07:26:34, 66.3393, -104.6980, 23.4364, 114.8646, 0.0466, 0.0000, -1.4040, 1.4047, 07:00:00
5087, 2024-06-21 07:31:34, 65.2827, -104.2138, 23.4363, 114.8646, 0.0669, 0.0000, -1.4011, 1.4027, 07:05:00
5087, 2024-06-21 07:36:34, 64.2238, -103.7316, 23.4363, 114.8646, 0.0880, 0.0000, -1.3968, 1.3996, 07:10:00
5087, 2024-06-21 07:41:34, 63.1626, -103.2510, 23.4363, 114.8646, 0.1099, 0.0000, -1.3911, 1.3954, 07:15:00
5087, 2024-06-21 07:46:34, 62.0992, -102.7717, 23.4363, 114.8646, 0.1325, 0.0000, -1.3839, 1.3902, 07:20:00
5087, 2024-06-21 07:51:34, 61.0337, -102.2935, 23.4363, 114.8646, 0.1560, 0.0000, -1.3751, 1.3840, 07:25:00
5087, 2024-06-21 07:56:34, 59.9662, -101.8160, 23.4363, 114.8646, 0.1804, 0.0000, -1.3647, 1.3766, 07:30:00
5087, 2024-06-21 08:01:34, 58.8967, -101.3389, 23.4362, 114.8646, 0.2055, 0.0000, -1.3526, 1.3681, 07:35:00
5087, 2024-06-21 08:06:34, 57.8254, -100.8619, 23.4362, 114.8646, 0.2316, 0.0000, -1.3386, 1.3585, 07:40:00
5087, 2024-06-21 08:11:34, 56.7523, -100.3847, 23.4362, 114.8646, 0.2585, 0.0000, -1.3228, 1.3478, 07:45:00
5087, 2024-06-21 08:16:34, 55.6775, -99.9069, 23.4362, 114.8646, 0.2863, 0.0000, -1.3050, 1.3360, 07:50:00
5087, 2024-06-21 08:21:34, 54.6011, -99.4281, 23.4362, 114.8646, 0.3150, 0.0000, -1.2852, 1.3232, 07:55:00
5087, 2024-06-21 08:26:34, 53.5231, -98.9480, 23.4361, 114.8646, 0.3445, 0.0000, -1.2633, 1.3094, 08:00:00
5087, 2024-06-21 08:31:34, 52.4437, -98.4662, 23.4361, 114.8646, 0.3748, 0.0000, -1.2392, 1.2947, 08:05:00
5087, 2024-06-21 08:36:34, 51.3629, -97.9822, 23.4361, 114.8646, 0.4059, 0.0000, -1.2129, 1.2791, 08:10:00
5087, 2024-06-21 08:41:34, 50.2807, -97.4955, 23.4361, 114.8646, 0.4378, 0.0000, -1.1844, 1.2627, 08:15:00
5087, 2024-06-21 08:46:34, 49.1974, -97.0058, 23.4361, 114.8646, 0.4704, 0.0000, -1.1535, 1.2458, 08:20:00
5087, 2024-06-21 08:51:34, 48.1128, -96.5124, 23.4361, 114.8646, 0.5037, 0.0000, -1.1204, 1.2284, 08:25:00
5087, 2024-06-21 08:56:34, 47.0271, -96.0148, 23.4360, 114.8646, 0.5376, 0.0000, -1.0848, 1.2107, 08:30:00
5087, 2024-06-21 09:01:34, 45.9405, -95.5125, 23.4360, 114.8646, 0.5721, 0.0000, -1.0469, 1.1930, 08:35:00
5087, 2024-06-21 09:06:34, 44.8528, -95.0047, 23.4360, 114.8646, 0.6070, 0.0000, -1.0067, 1.1755, 08:40:00
5087, 2024-06-21 09:11:34, 43.7643, -94.4908, 23.4360, 114.8646, 0.6423, 0.0000, -0.9641, 1.1585, 08:45:00
5087, 2024-06-21 09:16:34, 42.6750, -93.9700, 23.4360, 114.8646, 0.6778, 0.0000, -0.9193, 1.1422, 08:50:00
5087, 2024-06-21 09:21:34, 41.5850, -93.4416, 23.4359, 114.8646, 0.7136, 0.0000, -0.8722, 1.1269, 08:55:00
5087, 2024-06-21 09:26:34, 40.4944, -92.9046, 23.4359, 114.8646, 0.7494, 0.0000, -0.8231, 1.1131, 09:00:00
5087, 2024-06-21 09:31:34, 39.4032, -92.3579, 23.4359, 114.8646, 0.7852, 0.0000, -0.7719, 1.1010, 09:05:00
5087, 2024-06-21 09:36:34, 38.3116, -91.8006, 23.4359, 114.8646, 0.8208, 0.0000, -0.7188, 1.0910, 09:10:00
5087, 2024-06-21 09:41:34, 37.2196, -91.2314, 23.4359, 114.8646, 0.8561, 0.0000, -0.6640, 1.0834, 09:15:00
5087, 2024-06-21 09:46:34, 36.1274, -90.6490, 23.4358, 114.8646, 0.8911, 0.0000, -0.6075, 1.0785, 09:20:00
5087, 2024-06-21 09:51:34, 35.0350, -90.0518, 23.4358, 114.8646, 0.9255, 0.0000, -0.5496, 1.0764, 09:25:00
5087, 2024-06-21 09:56:34, 33.9427, -89.4382, 23.4358, 114.8646, 0.9594, 0.0000, -0.4905, 1.0775, 09:30:00
5087, 2024-06-21 10:01:34, 32.8504, -88.8063, 23.4358, 114.8646, 0.9925, 0.0000, -0.4303, 1.0818, 09:35:00
5087, 2024-06-21 10:06:34, 31.7583, -88.1540, 23.4358, 114.8646, 1.0248, 0.0000, -0.3693, 1.0893, 09:40:00
5087, 2024-06-21 10:11:34, 30.6667, -87.4788, 23.4357, 114.8646, 1.0562, 0.0000, -0.3076, 1.1001, 09:45:00
5087, 2024-06-21 10:16:34, 29.5756, -86.7779, 23.4357, 114.8646, 1.0867, 0.0000, -0.2454, 1.1140, 09:50:00
5087, 2024-06-21 10:21:34, 28.4853, -86.0482, 23.4357, 114.8646, 1.1160, 0.0000, -0.1830, 1.1310, 09:55:00
5087, 2024-06-21 10:26:34, 27.3960, -85.2861, 23.4357, 114.8646, 1.1443, 0.0000, -0.1206, 1.1507, 10:00:00
5087, 2024-06-21 10:31:34, 26.3079, -84.4872, 23.4357, 114.8646, 1.1715, 0.0000, -0.0583, 1.1729, 10:05:00
5087, 2024-06-21 10:36:34, 25.2213, -83.6467, 23.4356, 114.8646, 1.1974, 0.0000, 0.0037, 1.1975, 10:10:00
5087, 2024-06-21 10:41:34, 24.1365, -82.7588, 23.4356, 114.8646, 1.2222, 0.0000, 0.0651, 1.2239, 10:15:00
5087, 2024-06-21 10:46:34, 23.0539, -81.8166, 23.4356, 114.8646, 1.2457, 0.0000, 0.1260, 1.2521, 10:20:00
5087, 2024-06-21 10:51:34, 21.9739, -80.8120, 23.4356, 114.8646, 1.2681, 0.0000, 0.1860, 1.2816, 10:25:00
5087, 2024-06-21 10:56:34, 20.8971, -79.7354, 23.4356, 114.8646, 1.2892, 0.0000, 0.2451, 1.3123, 10:30:00
5087, 2024-06-21 11:01:34, 19.8241, -78.5749, 23.4355, 114.8646, 1.3091, 0.0000, 0.3031, 1.3437, 10:35:00
5087, 2024-06-21 11:06:34, 18.7557, -77.3165, 23.4355, 114.8646, 1.3278, 0.0000, 0.3600, 1.3757, 10:40:00
5087, 2024-06-21 11:11:34, 17.6927, -75.9426, 23.4355, 114.8646, 1.3454, 0.0000, 0.4156, 1.4081, 10:45:00
5087, 2024-06-21 11:16:34, 16.6365, -74.4317, 23.4355, 114.8646, 1.3619, 0.0000, 0.4700, 1.4407, 10:50:00
5087, 2024-06-21 11:21:34, 15.5884, -72.7569, 23.4354, 114.8646, 1.3773, 0.0000, 0.5229, 1.4732, 10:55:00
5087, 2024-06-21 11:26:34, 14.5504, -70.8843, 23.4354, 114.8646, 1.3916, 0.0000, 0.5745, 1.5055, 11:00:00
5087, 2024-06-21 11:31:34, 13.5248, -68.7708, 23.4354, 114.8646, 1.4050, 0.0000, 0.6246, 1.5376, 11:05:00
5087, 2024-06-21 11:36:34, 12.5148, -66.3610, 23.4354, 114.8646, 1.4174, 0.0000, 0.6733, 1.5692, 11:10:00
5087, 2024-06-21 11:41:34, 11.5247, -63.5834, 23.4354, 114.8646, 1.4289, 0.0000, 0.7205, 1.6003, 11:15:00
5087, 2024-06-21 11:46:34, 10.5601, -60.3451, 23.4353, 114.8646, 1.4396, 0.0000, 0.7662, 1.6308, 11:20:00
5087, 2024-06-21 11:51:34, 9.6288, -56.5255, 23.4353, 114.8646, 1.4494, 0.0000, 0.8104, 1.6606, 11:25:00
5087, 2024-06-21 11:56:34, 8.7417, -51.9703, 23.4353, 114.8646, 1.4585, 0.0000, 0.8532, 1.6897, 11:30:00
5087, 2024-06-21 12:01:34, 7.9135, -46.4878, 23.4353, 114.8646, 1.4669, 0.0000, 0.8945, 1.7181, 11:35:00
5087, 2024-06-21 12:06:34, 7.1650, -39.8579, 23.4353, 114.8646, 1.4746, 0.0000, 0.9343, 1.7457, 11:40:00
5087, 2024-06-21 12:11:34, 6.5236, -31.8691, 23.4352, 114.8646, 1.4816, 0.0000, 0.9728, 1.7724, 11:45:00
5087, 2024-06-21 12:16:34, 6.0237, -22.4095, 23.4352, 114.8646, 1.4881, 0.0000, 1.0098, 1.7984, 11:50:00
5087, 2024-06-21 12:21:34, 5.7028, -11.6157, 23.4352, 114.8646, 1.4940, 0.0000, 1.0456, 1.8235, 11:55:00
5087, 2024-06-21 12:26:34, 5.5917, 0.0002, 23.4352, 114.8646, 1.4993, 0.0000, 1.0800, 1.8478, 12:00:00
5087, 2024-06-21 12:31:34, 5.7028, 11.6161, 23.4351, 114.8646, 1.5042, 0.0000, 1.1131, 1.8712, 12:05:00
5087, 2024-06-21 12:36:34, 6.0238, 22.4096, 23.4351, 114.8646, 1.5086, 0.0000, 1.1449, 1.8939, 12:10:00
5087, 2024-06-21 12:41:34, 6.5237, 31.8689, 23.4351, 114.8646, 1.5126, 0.0000, 1.1756, 1.9157, 12:15:00
5087, 2024-06-21 12:46:34, 7.1651, 39.8573, 23.4351, 114.8646, 1.5162, 0.0000, 1.2050, 1.9367, 12:20:00
5087, 2024-06-21 12:51:34, 7.9137, 46.4869, 23.4351, 114.8646, 1.5194, 0.0000, 1.2333, 1.9570, 12:25:00
5087, 2024-06-21 12:56:34, 8.7419, 51.9692, 23.4350, 114.8646, 1.5223, 0.0000, 1.2605, 1.9764, 12:30:00
5087, 2024-06-21 13:01:34, 9.6291, 56.5242, 23.4350, 114.8646, 1.5248, 0.0000, 1.2866, 1.9951, 12:35:00
5087, 2024-06-21 13:06:34, 10.5603, 60.3436, 23.4350, 114.8646, 1.5271, 0.0000, 1.3117, 2.0131, 12:40:00
5087, 2024-06-21 13:11:34, 11.5249, 63.5818, 23.4350, 114.8646, 1.5290, 0.0000, 1.3357, 2.0303, 12:45:00
5087, 2024-06-21 13:16:34, 12.5151, 66.3593, 23.4349, 114.8646, 1.5307, 0.0000, 1.3588, 2.0468, 12:50:00
5087, 2024-06-21 13:21:34, 13.5250, 68.7690, 23.4349, 114.8646, 1.5321, 0.0000, 1.3809, 2.0626, 12:55:00
5087, 2024-06-21 13:26:34, 14.5506, 70.8825, 23.4349, 114.8646, 1.5333, 0.0000, 1.4021, 2.0778, 13:00:00
5087, 2024-06-21 13:31:34, 15.5887, 72.7550, 23.4349, 114.8646, 1.5343, 0.0000, 1.4225, 2.0922, 13:05:00
5087, 2024-06-21 13:36:34, 16.6368, 74.4298, 23.4348, 114.8646, 1.5351, 0.0000, 1.4419, 2.1061, 13:10:00
5087, 2024-06-21 13:41:34, 17.6930, 75.9406, 23.4348, 114.8646, 1.5356, 0.0000, 1.4606, 2.1193, 13:15:00
5087, 2024-06-21 13:46:34, 18.7560, 77.3145, 23.4348, 114.8646, 1.5360, 0.0000, 1.4784, 2.1319, 13:20:00
5087, 2024-06-21 13:51:34, 19.8244, 78.5729, 23.4348, 114.8646, 1.5362, 0.0000, 1.4954, 2.1439, 13:25:00
5087, 2024-06-21 13:56:34, 20.8974, 79.7333, 23.4347, 114.8646, 1.5363, 0.0000, 1.5117, 2.1553, 13:30:00
5087, 2024-06-21 14:01:34, 21.9742, 80.8099, 23.4347, 114.8646, 1.5361, 0.0000, 1.5273, 2.1662, 13:35:00
5087, 2024-06-21 14:06:34, 23.0542, 81.8145, 23.4347, 114.8646, 1.5359, 0.0000, 1.5421, 2.1765, 13:40:00
5087, 2024-06-21 14:11:34, 24.1368, 82.7567, 23.4347, 114.8646, 1.5355, 0.0000, 1.5563, 2.1862, 13:45:00
5087, 2024-06-21 14:16:34, 25.2216, 83.6446, 23.4346, 114.8646, 1.5349, 0.0000, 1.5698, 2.1955, 13:50:00
5087, 2024-06-21 14:21:34, 26.3083, 84.4851, 23.4346, 114.8646, 1.5342, 0.0000, 1.5826, 2.2042, 13:55:00
5087, 2024-06-21 14:26:34, 27.3964, 85.2839, 23.4346, 114.8646, 1.5335, 0.0000, 1.5948, 2.2125, 14:00:00
5087, 2024-06-21 14:31:34, 28.4857, 86.0460, 23.4346, 114.8646, 1.5325, 0.0000, 1.6064, 2.2202, 14:05:00
5087, 2024-06-21 14:36:34, 29.5761, 86.7757, 23.4346, 114.8646, 1.5315, 0.0000, 1.6174, 2.2275, 14:10:00
5087, 2024-06-21 14:41:34, 30.6671, 87.4765, 23.4345, 114.8646, 1.5304, 0.0000, 1.6279, 2.2343, 14:15:00
5087, 2024-06-21 14:46:34, 31.7588, 88.1517, 23.4345, 114.8646, 1.5291, 0.0000, 1.6378, 2.2406, 14:20:00
5087, 2024-06-21 14:51:34, 32.8508, 88.8040, 23.4345, 114.8646, 1.5278, 0.0000, 1.6471, 2.2466, 14:25:00
5087, 2024-06-21 14:56:34, 33.9431, 89.4359, 23.4345, 114.8646, 1.5263, 0.0000, 1.6559, 2.2520, 14:30:00
5087, 2024-06-21 15:01:34, 35.0355, 90.0495, 23.4344, 114.8646, 1.5248, 0.0000, 1.6642, 2.2571, 14:35:00
5087, 2024-06-21 15:06:34, 36.1279, 90.6467, 23.4344, 114.8646, 1.5232, 0.0000, 1.6719, 2.2617, 14:40:00
5087, 2024-06-21 15:11:34, 37.2201, 91.2291, 23.4344, 114.8646, 1.5214, 0.0000, 1.6792, 2.2660, 14:45:00
5087, 2024-06-21 15:16:34, 38.3121, 91.7983, 23.4344, 114.8646, 1.5196, 0.0000, 1.6860, 2.2698, 14:50:00
5087, 2024-06-21 15:21:34, 39.4038, 92.3556, 23.4343, 114.8646, 1.5178, 0.0000, 1.6924, 2.2733, 14:55:00
5087, 2024-06-21 15:26:34, 40.4949, 92.9022, 23.4343, 114.8646, 1.5158, 0.0000, 1.6983, 2.2763, 15:00:00
5087, 2024-06-21 15:31:34, 41.5856, 93.4392, 23.4343, 114.8646, 1.5137, 0.0000, 1.7037, 2.2790, 15:05:00
5087, 2024-06-21 15:36:34, 42.6756, 93.9677, 23.4342, 114.8646, 1.5116, 0.0000, 1.7087, 2.2814, 15:10:00
5087, 2024-06-21 15:41:34, 43.7649, 94.4884, 23.4342, 114.8646, 1.5094, 0.0000, 1.7133, 2.2833, 15:15:00
5087, 2024-06-21 15:46:34, 44.8534, 95.0023, 23.4342, 114.8646, 1.5071, 0.0000, 1.7174, 2.2849, 15:20:00
5087, 2024-06-21 15:51:34, 45.9411, 95.5100, 23.4342, 114.8646, 1.5047, 0.0000, 1.7212, 2.2862, 15:25:00
5087, 2024-06-21 15:56:34, 47.0278, 96.0124, 23.4341, 114.8646, 1.5023, 0.0000, 1.7246, 2.2871, 15:30:00
5087, 2024-06-21 16:01:34, 48.1135, 96.5099, 23.4341, 114.8646, 1.4998, 0.0000, 1.7275, 2.2877, 15:35:00
5087, 2024-06-21 16:06:34, 49.1980, 97.0033, 23.4341, 114.8646, 1.4972, 0.0000, 1.7301, 2.2880, 15:40:00
5087, 2024-06-21 16:11:34, 50.2814, 97.4931, 23.4341, 114.8646, 1.4946, 0.0000, 1.7323, 2.2880, 15:45:00
5087, 2024-06-21 16:16:34, 51.3636, 97.9797, 23.4340, 114.8646, 1.4919, 0.0000, 1.7342, 2.2876, 15:50:00
5087, 2024-06-21 16:21:34, 52.4444, 98.4637, 23.4340, 114.8646, 1.4891, 0.0000, 1.7357, 2.2869, 15:55:00
5087, 2024-06-21 16:26:34, 53.5239, 98.9455, 23.4340, 114.8646, 1.4862, 0.0000, 1.7369, 2.2860, 16:00:00
5087, 2024-06-21 16:31:34, 54.6019, 99.4256, 23.4340, 114.8646, 1.4833, 0.0000, 1.7377, 2.2847, 16:05:00
5087, 2024-06-21 16:36:34, 55.6783, 99.9044, 23.4339, 114.8646, 1.4804, 0.0000, 1.7381, 2.2831, 16:10:00
5087, 2024-06-21 16:41:34, 56.7531, 100.3821, 23.4339, 114.8646, 1.4773, 0.0000, 1.7383, 2.2812, 16:15:00
5087, 2024-06-21 16:46:34, 57.8262, 100.8593, 23.4339, 114.8646, 1.4742, 0.0000, 1.7381, 2.2791, 16:20:00
5087, 2024-06-21 16:51:34, 58.8976, 101.3363, 23.4339, 114.8646, 1.4711, 0.0000, 1.7376, 2.2767, 16:25:00
5087, 2024-06-21 16:56:34, 59.9671, 101.8134, 23.4338, 114.8646, 1.4678, 0.0000, 1.7368, 2.2740, 16:30:00
5087, 2024-06-21 17:01:34, 61.0346, 102.2909, 23.4338, 114.8646, 1.4646, 0.0000, 1.7357, 2.2710, 16:35:00
5087, 2024-06-21 17:06:34, 62.1002, 102.7691, 23.4338, 114.8646, 1.4612, 0.0000, 1.7343, 2.2678, 16:40:00
5087, 2024-06-21 17:11:34, 63.1636, 103.2483, 23.4337, 114.8646, 1.4578, 0.0000, 1.7326, 2.2643, 16:45:00
5087, 2024-06-21 17:16:34, 64.2249, 103.7289, 23.4337, 114.8646, 1.4544, 0.0000, 1.7306, 2.2606, 16:50:00
5087, 2024-06-21 17:21:34, 65.2838, 104.2112, 23.4337, 114.8646, 1.4509, 0.0000, 1.7283, 2.2566, 16:55:00
5087, 2024-08-03 07:46:43, 65.3993, -96.8610, 17.2626, 114.8646, 0.3137, 0.0000, -1.2098, 1.2499, 07:16:00
5087, 2024-08-03 07:51:43, 64.3155, -96.3122, 17.2617, 114.8646, 0.3327, 0.0000, -1.2013, 1.2465, 07:21:00
5087, 2024-08-03 07:56:43, 63.2304, -95.7612, 17.2607, 114.8646, 0.3523, 0.0000, -1.1915, 1.2425, 07:26:00
5087, 2024-08-03 08:01:43, 62.1441, -95.2075, 17.2598, 114.8646, 0.3725, 0.0000, -1.1803, 1.2377, 07:31:00
5087, 2024-08-03 08:06:43, 61.0568, -94.6507, 17.2589, 114.8646, 0.3934, 0.0000, -1.1678, 1.2323, 07:36:00
5087, 2024-08-03 08:11:43, 59.9685, -94.0902, 17.2580, 114.8646, 0.4149, 0.0000, -1.1538, 1.2262, 07:41:00
5087, 2024-08-03 08:16:43, 58.8793, -93.5254, 17.2570, 114.8646, 0.4370, 0.0000, -1.1384, 1.2194, 07:46:00
5087, 2024-08-03 08:21:43, 57.7895, -92.9559, 17.2561, 114.8646, 0.4598, 0.0000, -1.1214, 1.2120, 07:51:00
5087, 2024-08-03 08:26:43, 56.6990, -92.3810, 17.2552, 114.8646, 0.4832, 0.0000, -1.1029, 1.2041, 07:56:00
5087, 2024-08-03 08:30:43, 55.8262, -91.9168, 17.2545, 114.8646, 0.5023, 0.0000, -1.0869, 1.1974, 08:00:00
5087, 2024-08-03 08:35:43, 54.7349, -91.3306, 17.2535, 114.8646, 0.5268, 0.0000, -1.0655, 1.1886, 08:05:00
5087, 2024-08-03 08:40:43, 53.6432, -90.7372, 17.2526, 114.8646, 0.5518, 0.0000, -1.0424, 1.1794, 08:10:00
5087, 2024-08-03 08:45:43, 52.5514, -90.1358, 17.2517, 114.8646, 0.5774, 0.0000, -1.0176, 1.1700, 08:15:00
5087, 2024-08-03 08:50:43, 51.4595, -89.5256, 17.2508, 114.8646, 0.6036, 0.0000, -0.9911, 1.1604, 08:20:00
5087, 2024-08-03 08:55:43, 50.3677, -88.9057, 17.2498, 114.8646, 0.6302, 0.0000, -0.9628, 1.1507, 08:25:00
5087, 2024-08-03 09:00:43, 49.2760, -88.2753, 17.2489, 114.8646, 0.6572, 0.0000, -0.9328, 1.1411, 08:30:00
5087, 2024-08-03 09:05:43, 48.1847, -87.6334, 17.2480, 114.8646, 0.6847, 0.0000, -0.9011, 1.1317, 08:35:00
5087, 2024-08-03 09:10:43, 47.0939, -86.9788, 17.2471, 114.8646, 0.7125, 0.0000, -0.8676, 1.1227, 08:40:00
5087, 2024-08-03 09:15:43, 46.0037, -86.3105, 17.2462, 114.8646, 0.7406, 0.0000, -0.8324, 1.1142, 08:45:00
5087, 2024-08-03 09:20:43, 44.9143, -85.6271, 17.2452, 114.8646, 0.7690, 0.0000, -0.7956, 1.1064, 08:50:00
5087, 2024-08-03 09:25:43, 43.8259, -84.9273, 17.2443, 114.8646, 0.7975, 0.0000, -0.7570, 1.0996, 08:55:00
5087, 2024-08-03 09:30:43, 42.7387, -84.2097, 17.2434, 114.8646, 0.8262, 0.0000, -0.7169, 1.0939, 09:00:00
5087, 2024-08-03 09:35:43, 41.6528, -83.4725, 17.2425, 114.8646, 0.8549, 0.0000, -0.6752, 1.0894, 09:05:00
5087, 2024-08-03 09:40:43, 40.5686, -82.7141, 17.2415, 114.8646, 0.8836, 0.0000, -0.6321, 1.0864, 09:10:00
5087, 2024-08-03 09:45:43, 39.4862, -81.9324, 17.2406, 114.8646, 0.9122, 0.0000, -0.5875, 1.0851, 09:15:00
5087, 2024-08-03 09:50:43, 38.4060, -81.1253, 17.2397, 114.8646, 0.9407, 0.0000, -0.5417, 1.0855, 09:20:00
5087, 2024-08-03 09:55:43, 37.3281, -80.2905, 17.2388, 114.8646, 0.9689, 0.0000, -0.4946, 1.0878, 09:25:00
5087, 2024-08-03 10:00:43, 36.2530, -79.4252, 17.2378, 114.8646, 0.9968, 0.0000, -0.4464, 1.0922, 09:30:00
5087, 2024-08-03 10:05:43, 35.1809, -78.5266, 17.2369, 114.8646, 1.0244, 0.0000, -0.3972, 1.0987, 09:35:00
5087, 2024-08-03 10:10:43, 34.1123, -77.5914, 17.2360, 114.8646, 1.0515, 0.0000, -0.3471, 1.1073, 09:40:00
5087, 2024-08-03 10:15:43, 33.0476, -76.6159, 17.2351, 114.8646, 1.0781, 0.0000, -0.2962, 1.1181, 09:45:00
5087, 2024-08-03 10:20:43, 31.9874, -75.5962, 17.2341, 114.8646, 1.1042, 0.0000, -0.2447, 1.1310, 09:50:00
5087, 2024-08-03 10:25:43, 30.9321, -74.5276, 17.2332, 114.8646, 1.1296, 0.0000, -0.1928, 1.1459, 09:55:00
5087, 2024-08-03 10:30:43, 29.8823, -73.4052, 17.2323, 114.8646, 1.1544, 0.0000, -0.1404, 1.1629, 10:00:00
5087, 2024-08-03 10:35:43, 28.8388, -72.2230, 17.2314, 114.8646, 1.1784, 0.0000, -0.0878, 1.1817, 10:05:00
5087, 2024-08-03 10:40:43, 27.8025, -70.9746, 17.2304, 114.8646, 1.2017, 0.0000, -0.0351, 1.2022, 10:10:00
5087, 2024-08-03 10:45:43, 26.7741, -69.6527, 17.2295, 114.8646, 1.2242, 0.0000, 0.0176, 1.2243, 10:15:00
5087, 2024-08-03 10:50:43, 25.7547, -68.2489, 17.2286, 114.8646, 1.2459, 0.0000, 0.0701, 1.2479, 10:20:00
5087, 2024-08-03 10:55:43, 24.7457, -66.7539, 17.2277, 114.8646, 1.2667, 0.0000, 0.1224, 1.2726, 10:25:00
5087, 2024-08-03 11:00:43, 23.7482, -65.1568, 17.2267, 114.8646, 1.2867, 0.0000, 0.1744, 1.2985, 10:30:00
5087, 2024-08-03 11:05:43, 22.7641, -63.4456, 17.2258, 114.8646, 1.3058, 0.0000, 0.2258, 1.3252, 10:35:00
5087, 2024-08-03 11:10:43, 21.7950, -61.6065, 17.2249, 114.8646, 1.3241, 0.0000, 0.2767, 1.3527, 10:40:00
5087, 2024-08-03 11:15:43, 20.8434, -59.6240, 17.2240, 114.8646, 1.3415, 0.0000, 0.3270, 1.3807, 10:45:00
5087, 2024-08-03 11:20:43, 19.9116, -57.4804, 17.2231, 114.8646, 1.3580, 0.0000, 0.3765, 1.4092, 10:50:00
5087, 2024-08-03 11:25:43, 19.0028, -55.1561, 17.2221, 114.8646, 1.3736, 0.0000, 0.4252, 1.4380, 10:55:00
5087, 2024-08-03 11:30:43, 18.1205, -52.6295, 17.2212, 114.8646, 1.3885, 0.0000, 0.4730, 1.4668, 11:00:00
5087, 2024-08-03 11:35:43, 17.2687, -49.8768, 17.2203, 114.8646, 1.4025, 0.0000, 0.5200, 1.4957, 11:05:00
5087, 2024-08-03 11:40:43, 16.4523, -46.8727, 17.2194, 114.8646, 1.4157, 0.0000, 0.5659, 1.5246, 11:10:00
5087, 2024-08-03 11:45:43, 15.6770, -43.5912, 17.2184, 114.8646, 1.4281, 0.0000, 0.6108, 1.5532, 11:15:00
5087, 2024-08-03 11:50:43, 14.9491, -40.0068, 17.2175, 114.8646, 1.4397, 0.0000, 0.6546, 1.5816, 11:20:00
5087, 2024-08-03 11:55:43, 14.2760, -36.0971, 17.2166, 114.8646, 1.4506, 0.0000, 0.6974, 1.6096, 11:25:00
5087, 2024-08-03 12:00:43, 13.6659, -31.8451, 17.2157, 114.8646, 1.4608, 0.0000, 0.7391, 1.6372, 11:30:00
5087, 2024-08-03 12:05:43, 13.1275, -27.2442, 17.2147, 114.8646, 1.4704, 0.0000, 0.7797, 1.6643, 11:35:00
5087, 2024-08-03 12:10:43, 12.6702, -22.3023, 17.2138, 114.8646, 1.4792, 0.0000, 0.8191, 1.6909, 11:40:00
5087, 2024-08-03 12:15:43, 12.3028, -17.0463, 17.2129, 114.8646, 1.4875, 0.0000, 0.8574, 1.7169, 11:45:00
5087, 2024-08-03 12:20:43, 12.0338, -11.5260, 17.2119, 114.8646, 1.4951, 0.0000, 0.8946, 1.7423, 11:50:00
5087, 2024-08-03 12:25:43, 11.8698, -5.8135, 17.2110, 114.8646, 1.5022, 0.0000, 0.9307, 1.7671, 11:55:00
5087, 2024-08-03 12:30:43, 11.8153, 0.0001, 17.2101, 114.8646, 1.5088, 0.0000, 0.9656, 1.7913, 12:00:00
5087, 2024-08-03 12:35:43, 11.8717, 5.8128, 17.2092, 114.8646, 1.5148, 0.0000, 0.9994, 1.8148, 12:05:00
5087, 2024-08-03 12:40:43, 12.0375, 11.5229, 17.2082, 114.8646, 1.5203, 0.0000, 1.0321, 1.8376, 12:10:00
5087, 2024-08-03 12:45:43, 12.3082, 17.0395, 17.2073, 114.8646, 1.5254, 0.0000, 1.0638, 1.8597, 12:15:00
5087, 2024-08-03 12:50:43, 12.6771, 22.2907, 17.2064, 114.8646, 1.5300, 0.0000, 1.0944, 1.8811, 12:20:00
5087, 2024-08-03 12:55:43, 13.1360, 27.2273, 17.2055, 114.8646, 1.5342, 0.0000, 1.1239, 1.9018, 12:25:00
5087, 2024-08-03 13:00:43, 13.6756, 31.8225, 17.2045, 114.8646, 1.5381, 0.0000, 1.1524, 1.9219, 12:30:00
5087, 2024-08-03 13:05:43, 14.2870, 36.0688, 17.2036, 114.8646, 1.5415, 0.0000, 1.1799, 1.9412, 12:35:00
5087, 2024-08-03 13:10:43, 14.9611, 39.9732, 17.2027, 114.8646, 1.5446, 0.0000, 1.2064, 1.9599, 12:40:00
5087, 2024-08-03 13:15:43, 15.6899, 43.5524, 17.2018, 114.8646, 1.5474, 0.0000, 1.2319, 1.9778, 12:45:00
5087, 2024-08-03 13:20:43, 16.4661, 46.8291, 17.2008, 114.8646, 1.5498, 0.0000, 1.2565, 1.9951, 12:50:00
5087, 2024-08-03 13:25:43, 17.2832, 49.8289, 17.1999, 114.8646, 1.5519, 0.0000, 1.2801, 2.0118, 12:55:00
5087, 2024-08-03 13:30:43, 18.1357, 52.5777, 17.1990, 114.8646, 1.5538, 0.0000, 1.3029, 2.0277, 13:00:00
5087, 2024-08-03 13:35:43, 19.0187, 55.1007, 17.1981, 114.8646, 1.5554, 0.0000, 1.3248, 2.0431, 13:05:00
5087, 2024-08-03 13:40:43, 19.9281, 57.4218, 17.1971, 114.8646, 1.5567, 0.0000, 1.3458, 2.0578, 13:10:00
5087, 2024-08-03 13:45:43, 20.8604, 59.5625, 17.1962, 114.8646, 1.5578, 0.0000, 1.3660, 2.0719, 13:15:00
5087, 2024-08-03 13:50:43, 21.8126, 61.5424, 17.1953, 114.8646, 1.5587, 0.0000, 1.3853, 2.0853, 13:20:00
5087, 2024-08-03 13:55:43, 22.7822, 63.3792, 17.1944, 114.8646, 1.5593, 0.0000, 1.4039, 2.0982, 13:25:00
5087, 2024-08-03 14:00:43, 23.7668, 65.0882, 17.1934, 114.8646, 1.5597, 0.0000, 1.4217, 2.1105, 13:30:00
5087, 2024-08-03 14:05:43, 24.7647, 66.6833, 17.1925, 114.8646, 1.5600, 0.0000, 1.4387, 2.1221, 13:35:00
5087, 2024-08-03 14:10:43, 25.7743, 68.1766, 17.1916, 114.8646, 1.5600, 0.0000, 1.4550, 2.1333, 13:40:00
5087, 2024-08-03 14:15:43, 26.7941, 69.5787, 17.1907, 114.8646, 1.5599, 0.0000, 1.4706, 2.1438, 13:45:00
5087, 2024-08-03 14:20:43, 27.8229, 70.8991, 17.1897, 114.8646, 1.5596, 0.0000, 1.4855, 2.1539, 13:50:00
5087, 2024-08-03 14:25:43, 28.8598, 72.1461, 17.1888, 114.8646, 1.5592, 0.0000, 1.4997, 2.1634, 13:55:00
5087, 2024-08-03 14:30:43, 29.9037, 73.3270, 17.1879, 114.8646, 1.5585, 0.0000, 1.5133, 2.1723, 14:00:00
5087, 2024-08-03 14:35:43, 30.9539, 74.4483, 17.1869, 114.8646, 1.5578, 0.0000, 1.5262, 2.1808, 14:05:00
5087, 2024-08-03 14:40:43, 32.0097, 75.5157, 17.1860, 114.8646, 1.5569, 0.0000, 1.5385, 2.1888, 14:10:00
5087, 2024-08-03 14:45:43, 33.0704, 76.5344, 17.1851, 114.8646, 1.5558, 0.0000, 1.5501, 2.1962, 14:15:00
5087, 2024-08-03 14:50:43, 34.1356, 77.5088, 17.1842, 114.8646, 1.5546, 0.0000, 1.5612, 2.2032, 14:20:00
5087, 2024-08-03 14:55:43, 35.2047, 78.4431, 17.1832, 114.8646, 1.5533, 0.0000, 1.5716, 2.2097, 14:25:00
5087, 2024-08-03 15:00:43, 36.2772, 79.3408, 17.1823, 114.8646, 1.5519, 0.0000, 1.5815, 2.2158, 14:30:00
5087, 2024-08-03 15:05:43, 37.3529, 80.2052, 17.1814, 114.8646, 1.5504, 0.0000, 1.5909, 2.2214, 14:35:00
5087, 2024-08-03 15:10:43, 38.4313, 81.0392, 17.1805, 114.8646, 1.5487, 0.0000, 1.5997, 2.2265, 14:40:00
5087, 2024-08-03 15:15:43, 39.5121, 81.8455, 17.1795, 114.8646, 1.5469, 0.0000, 1.6080, 2.2313, 14:45:00
5087, 2024-08-03 15:20:43, 40.5950, 82.6263, 17.1786, 114.8646, 1.5451, 0.0000, 1.6157, 2.2356, 14:50:00
5087, 2024-08-03 15:25:43, 41.6798, 83.3840, 17.1777, 114.8646, 1.5431, 0.0000, 1.6230, 2.2394, 14:55:00
5087, 2024-08-03 15:30:43, 42.7663, 84.1204, 17.1767, 114.8646, 1.5410, 0.0000, 1.6297, 2.2429, 15:00:00
5087, 2024-08-03 15:35:43, 43.8541, 84.8373, 17.1758, 114.8646, 1.5388, 0.0000, 1.6360, 2.2460, 15:05:00
5087, 2024-08-03 15:40:43, 44.9431, 85.5363, 17.1749, 114.8646, 1.5365, 0.0000, 1.6418, 2.2486, 15:10:00
5087, 2024-08-03 15:45:43, 46.0331, 86.2189, 17.1740, 114.8646, 1.5342, 0.0000, 1.6471, 2.2509, 15:15:00
5087, 2024-08-03 15:50:43, 47.1239, 86.8865, 17.1730, 114.8646, 1.5317, 0.0000, 1.6520, 2.2528, 15:20:00
5087, 2024-08-03 15:55:43, 48.2154, 87.5404, 17.1721, 114.8646, 1.5292, 0.0000, 1.6564, 2.2543, 15:25:00
5087, 2024-08-03 16:00:43, 49.3074, 88.1816, 17.1712, 114.8646, 1.5265, 0.0000, 1.6604, 2.2555, 15:30:00
5087, 2024-08-03 16:05:43, 50.3998, 88.8113, 17.1703, 114.8646, 1.5238, 0.0000, 1.6640, 2.2563, 15:35:00
5087, 2024-08-03 16:10:43, 51.4923, 89.4304, 17.1693, 114.8646, 1.5210, 0.0000, 1.6671, 2.2567, 15:40:00
5087, 2024-08-03 16:15:43, 52.5850, 90.0398, 17.1684, 114.8646, 1.5181, 0.0000, 1.6699, 2.2568, 15:45:00
5087, 2024-08-03 16:20:43, 53.6776, 90.6405, 17.1675, 114.8646, 1.5151, 0.0000, 1.6722, 2.2565, 15:50:00
5087, 2024-08-03 16:25:43, 54.7700, 91.2332, 17.1665, 114.8646, 1.5121, 0.0000, 1.6742, 2.2559, 15:55:00
5087, 2024-08-03 16:30:43, 55.8621, 91.8187, 17.1656, 114.8646, 1.5090, 0.0000, 1.6757, 2.2550, 16:00:00
5087, 2024-08-03 16:35:43, 56.9539, 92.3976, 17.1647, 114.8646, 1.5058, 0.0000, 1.6769, 2.2537, 16:05:00
5087, 2024-08-03 16:40:43, 58.0451, 92.9706, 17.1638, 114.8646, 1.5025, 0.0000, 1.6777, 2.2522, 16:10:00
5087, 2024-08-03 16:45:43, 59.1357, 93.5383, 17.1628, 114.8646, 1.4991, 0.0000, 1.6782, 2.2503, 16:15:00
5087, 2024-08-03 16:50:43, 60.2255, 94.1014, 17.1619, 114.8646, 1.4957, 0.0000, 1.6783, 2.2481, 16:20:00
5087, 2024-08-03 16:55:43, 61.3145, 94.6604, 17.1610, 114.8646, 1.4922, 0.0000, 1.6780, 2.2455, 16:25:00
5087, 2024-08-03 17:00:43, 62.4026, 95.2158, 17.1600, 114.8646, 1.4887, 0.0000, 1.6774, 2.2427, 16:30:00
5087, 2024-08-03 17:05:43, 63.4896, 95.7681, 17.1591, 114.8646, 1.4850, 0.0000, 1.6765, 2.2396, 16:35:00
5087, 2024-08-03 17:10:43, 64.5755, 96.3178, 17.1582, 114.8646, 1.4813, 0.0000, 1.6752, 2.2362, 16:40:00
5087, 2024-08-03 17:15:43, 65.6600, 96.8653, 17.1573, 114.8646, 1.4776, 0.0000, 1.6736, 2.2325, 16:45:00
5087, 2024-08-03 17:20:43, 66.7432, 97.4112, 17.1563, 114.8646, 1.4737, 0.0000, 1.6717, 2.2286, 16:50:00
5087, 2024-08-03 17:25:43, 67.8249, 97.9558, 17.1554, 114.8646, 1.4698, 0.0000, 1.6695, 2.2243, 16:55:00
5087, 2024-08-21 07:56:31, 64.9313, -89.9480, 11.8083, 114.8646, 0.5097, 0.0000, -1.0225, 1.1425, 07:29:00
5087, 2024-08-21 08:01:31, 63.8402, -89.3369, 11.8072, 114.8646, 0.5269, 0.0000, -1.0115, 1.1405, 07:34:00
5087, 2024-08-21 08:06:31, 62.7492, -88.7197, 11.8060, 114.8646, 0.5446, 0.0000, -0.9993, 1.1381, 07:39:00
5087, 2024-08-21 08:11:31, 61.6583, -88.0959, 11.8048, 114.8646, 0.5628, 0.0000, -0.9859, 1.1352, 07:44:00
5087, 2024-08-21 08:16:31, 60.5677, -87.4647, 11.8037, 114.8646, 0.5816, 0.0000, -0.9712, 1.1320, 07:49:00
5087, 2024-08-21 08:21:31, 59.4776, -86.8254, 11.8025, 114.8646, 0.6009, 0.0000, -0.9552, 1.1284, 07:54:00
5087, 2024-08-21 08:26:31, 58.3881, -86.1774, 11.8013, 114.8646, 0.6206, 0.0000, -0.9379, 1.1246, 07:59:00
5087, 2024-08-21 08:27:31, 58.1703, -86.0467, 11.8011, 114.8646, 0.6247, 0.0000, -0.9342, 1.1238, 08:00:00
5087, 2024-08-21 08:32:31, 57.0817, -85.3870, 11.7999, 114.8646, 0.6450, 0.0000, -0.9153, 1.1197, 08:05:00
5087, 2024-08-21 08:37:31, 55.9941, -84.7168, 11.7988, 114.8646, 0.6658, 0.0000, -0.8950, 1.1155, 08:10:00
5087, 2024-08-21 08:42:31, 54.9076, -84.0352, 11.7976, 114.8646, 0.6871, 0.0000, -0.8733, 1.1112, 08:15:00
5087, 2024-08-21 08:47:31, 53.8225, -83.3412, 11.7965, 114.8646, 0.7088, 0.0000, -0.8502, 1.1069, 08:20:00
5087, 2024-08-21 08:52:31, 52.7388, -82.6337, 11.7953, 114.8646, 0.7309, 0.0000, -0.8257, 1.1028, 08:25:00
5087, 2024-08-21 08:57:31, 51.6569, -81.9118, 11.7941, 114.8646, 0.7534, 0.0000, -0.7998, 1.0988, 08:30:00
5087, 2024-08-21 09:02:31, 50.5769, -81.1742, 11.7930, 114.8646, 0.7762, 0.0000, -0.7725, 1.0951, 08:35:00
5087, 2024-08-21 09:07:31, 49.4990, -80.4198, 11.7918, 114.8646, 0.7994, 0.0000, -0.7438, 1.0919, 08:40:00
5087, 2024-08-21 09:12:31, 48.4236, -79.6472, 11.7906, 114.8646, 0.8228, 0.0000, -0.7136, 1.0891, 08:45:00
5087, 2024-08-21 09:17:31, 47.3508, -78.8549, 11.7895, 114.8646, 0.8464, 0.0000, -0.6821, 1.0871, 08:50:00
5087, 2024-08-21 09:22:31, 46.2809, -78.0415, 11.7883, 114.8646, 0.8702, 0.0000, -0.6493, 1.0857, 08:55:00
5087, 2024-08-21 09:27:31, 45.2143, -77.2052, 11.7871, 114.8646, 0.8942, 0.0000, -0.6152, 1.0853, 09:00:00
5087, 2024-08-21 09:32:31, 44.1512, -76.3443, 11.7860, 114.8646, 0.9182, 0.0000, -0.5797, 1.0859, 09:05:00
5087, 2024-08-21 09:37:31, 43.0921, -75.4569, 11.7848, 114.8646, 0.9423, 0.0000, -0.5430, 1.0876, 09:10:00
5087, 2024-08-21 09:42:31, 42.0373, -74.5407, 11.7836, 114.8646, 0.9664, 0.0000, -0.5052, 1.0904, 09:15:00
5087, 2024-08-21 09:47:31, 40.9872, -73.5937, 11.7825, 114.8646, 0.9904, 0.0000, -0.4662, 1.0946, 09:20:00
5087, 2024-08-21 09:52:31, 39.9422, -72.6131, 11.7813, 114.8646, 1.0143, 0.0000, -0.4262, 1.1002, 09:25:00
5087, 2024-08-21 09:57:31, 38.9030, -71.5964, 11.7801, 114.8646, 1.0380, 0.0000, -0.3852, 1.1072, 09:30:00
5087, 2024-08-21 10:02:31, 37.8700, -70.5406, 11.7790, 114.8646, 1.0616, 0.0000, -0.3433, 1.1157, 09:35:00
5087, 2024-08-21 10:07:31, 36.8439, -69.4426, 11.7778, 114.8646, 1.0849, 0.0000, -0.3005, 1.1257, 09:40:00
5087, 2024-08-21 10:12:31, 35.8252, -68.2986, 11.7766, 114.8646, 1.1078, 0.0000, -0.2571, 1.1373, 09:45:00
5087, 2024-08-21 10:17:31, 34.8148, -67.1051, 11.7755, 114.8646, 1.1304, 0.0000, -0.2129, 1.1503, 09:50:00
5087, 2024-08-21 10:22:31, 33.8135, -65.8578, 11.7743, 114.8646, 1.1526, 0.0000, -0.1682, 1.1649, 09:55:00
5087, 2024-08-21 10:27:31, 32.8221, -64.5522, 11.7731, 114.8646, 1.1744, 0.0000, -0.1230, 1.1808, 10:00:00
5087, 2024-08-21 10:32:31, 31.8417, -63.1833, 11.7720, 114.8646, 1.1957, 0.0000, -0.0775, 1.1982, 10:05:00
5087, 2024-08-21 10:37:31, 30.8734, -61.7458, 11.7708, 114.8646, 1.2165, 0.0000, -0.0316, 1.2169, 10:10:00
5087, 2024-08-21 10:42:31, 29.9184, -60.2338, 11.7696, 114.8646, 1.2367, 0.0000, 0.0144, 1.2367, 10:15:00
5087, 2024-08-21 10:47:31, 28.9781, -58.6410, 11.7685, 114.8646, 1.2563, 0.0000, 0.0605, 1.2577, 10:20:00
5087, 2024-08-21 10:52:31, 28.0541, -56.9607, 11.7673, 114.8646, 1.2753, 0.0000, 0.1066, 1.2798, 10:25:00
5087, 2024-08-21 10:57:31, 27.1480, -55.1854, 11.7661, 114.8646, 1.2937, 0.0000, 0.1526, 1.3027, 10:30:00
5087, 2024-08-21 11:02:31, 26.2619, -53.3075, 11.7650, 114.8646, 1.3115, 0.0000, 0.1985, 1.3264, 10:35:00
5087, 2024-08-21 11:07:31, 25.3978, -51.3186, 11.7638, 114.8646, 1.3286, 0.0000, 0.2441, 1.3508, 10:40:00
5087, 2024-08-21 11:12:31, 24.5582, -49.2103, 11.7626, 114.8646, 1.3450, 0.0000, 0.2893, 1.3757, 10:45:00
5087, 2024-08-21 11:17:31, 23.7457, -46.9737, 11.7615, 114.8646, 1.3607, 0.0000, 0.3341, 1.4011, 10:50:00
5087, 2024-08-21 11:22:31, 22.9632, -44.6001, 11.7603, 114.8646, 1.3758, 0.0000, 0.3785, 1.4269, 10:55:00
5087, 2024-08-21 11:27:31, 22.2139, -42.0809, 11.7591, 114.8646, 1.3902, 0.0000, 0.4223, 1.4529, 11:00:00
5087, 2024-08-21 11:32:31, 21.5014, -39.4082, 11.7580, 114.8646, 1.4039, 0.0000, 0.4655, 1.4791, 11:05:00
5087, 2024-08-21 11:37:31, 20.8296, -36.5750, 11.7568, 114.8646, 1.4170, 0.0000, 0.5080, 1.5053, 11:10:00
5087, 2024-08-21 11:42:31, 20.2024, -33.5762, 11.7556, 114.8646, 1.4293, 0.0000, 0.5499, 1.5315, 11:15:00
5087, 2024-08-21 11:47:31, 19.6242, -30.4090, 11.7545, 114.8646, 1.4411, 0.0000, 0.5910, 1.5575, 11:20:00
5087, 2024-08-21 11:52:31, 19.0996, -27.0736, 11.7533, 114.8646, 1.4522, 0.0000, 0.6313, 1.5835, 11:25:00
5087, 2024-08-21 11:57:31, 18.6331, -23.5744, 11.7521, 114.8646, 1.4627, 0.0000, 0.6707, 1.6091, 11:30:00
5087, 2024-08-21 12:02:31, 18.2291, -19.9200, 11.7510, 114.8646, 1.4725, 0.0000, 0.7094, 1.6345, 11:35:00
5087, 2024-08-21 12:07:31, 17.8920, -16.1248, 11.7498, 114.8646, 1.4818, 0.0000, 0.7471, 1.6595, 11:40:00
5087, 2024-08-21 12:12:31, 17.6255, -12.2081, 11.7486, 114.8646, 1.4905, 0.0000, 0.7840, 1.6841, 11:45:00
5087, 2024-08-21 12:17:31, 17.4330, -8.1949, 11.7475, 114.8646, 1.4987, 0.0000, 0.8200, 1.7083, 11:50:00
5087, 2024-08-21 12:22:31, 17.3169, -4.1146, 11.7463, 114.8646, 1.5063, 0.0000, 0.8550, 1.7321, 11:55:00
5087, 2024-08-21 12:27:31, 17.2789, -0.0001, 11.7451, 114.8646, 1.5134, 0.0000, 0.8891, 1.7553, 12:00:00
5087, 2024-08-21 12:32:31, 17.3193, 4.1139, 11.7440, 114.8646, 1.5200, 0.0000, 0.9223, 1.7780, 12:05:00
5087, 2024-08-21 12:37:31, 17.4376, 8.1927, 11.7428, 114.8646, 1.5262, 0.0000, 0.9546, 1.8001, 12:10:00
5087, 2024-08-21 12:42:31, 17.6324, 12.2035, 11.7416, 114.8646, 1.5318, 0.0000, 0.9859, 1.8217, 12:15:00
5087, 2024-08-21 12:47:31, 17.9010, 16.1171, 11.7405, 114.8646, 1.5371, 0.0000, 1.0163, 1.8427, 12:20:00
5087, 2024-08-21 12:52:31, 18.2402, 19.9085, 11.7393, 114.8646, 1.5419, 0.0000, 1.0458, 1.8630, 12:25:00
5087, 2024-08-21 12:57:31, 18.6461, 23.5586, 11.7381, 114.8646, 1.5463, 0.0000, 1.0743, 1.8828, 12:30:00
5087, 2024-08-21 13:02:31, 19.1145, 27.0532, 11.7370, 114.8646, 1.5503, 0.0000, 1.1020, 1.9020, 12:35:00
5087, 2024-08-21 13:07:31, 19.6409, 30.3838, 11.7358, 114.8646, 1.5539, 0.0000, 1.1287, 1.9206, 12:40:00
5087, 2024-08-21 13:12:31, 20.2206, 33.5461, 11.7346, 114.8646, 1.5572, 0.0000, 1.1546, 1.9386, 12:45:00
5087, 2024-08-21 13:17:31, 20.8493, 36.5400, 11.7335, 114.8646, 1.5602, 0.0000, 1.1796, 1.9559, 12:50:00
5087, 2024-08-21 13:22:31, 21.5225, 39.3684, 11.7323, 114.8646, 1.5628, 0.0000, 1.2037, 1.9727, 12:55:00
5087, 2024-08-21 13:27:31, 22.2363, 42.0365, 11.7311, 114.8646, 1.5652, 0.0000, 1.2270, 1.9888, 13:00:00
5087, 2024-08-21 13:32:31, 22.9867, 44.5513, 11.7300, 114.8646, 1.5672, 0.0000, 1.2495, 2.0043, 13:05:00
5087, 2024-08-21 13:37:31, 23.7704, 46.9207, 11.7288, 114.8646, 1.5690, 0.0000, 1.2711, 2.0192, 13:10:00
5087, 2024-08-21 13:42:31, 24.5840, 49.1533, 11.7276, 114.8646, 1.5705, 0.0000, 1.2919, 2.0336, 13:15:00
5087, 2024-08-21 13:47:31, 25.4246, 51.2579, 11.7265, 114.8646, 1.5717, 0.0000, 1.3120, 2.0473, 13:20:00
5087, 2024-08-21 13:52:31, 26.2896, 53.2432, 11.7253, 114.8646, 1.5727, 0.0000, 1.3312, 2.0605, 13:25:00
5087, 2024-08-21 13:57:31, 27.1766, 55.1179, 11.7241, 114.8646, 1.5735, 0.0000, 1.3498, 2.0731, 13:30:00
5087, 2024-08-21 14:02:31, 28.0834, 56.8901, 11.7230, 114.8646, 1.5740, 0.0000, 1.3675, 2.0851, 13:35:00
5087, 2024-08-21 14:07:31, 29.0083, 58.5676, 11.7218, 114.8646, 1.5744, 0.0000, 1.3846, 2.0966, 13:40:00
5087, 2024-08-21 14:12:31, 29.9493, 60.1577, 11.7206, 114.8646, 1.5745, 0.0000, 1.4009, 2.1075, 13:45:00
5087, 2024-08-21 14:17:31, 30.9051, 61.6671, 11.7195, 114.8646, 1.5744, 0.0000, 1.4166, 2.1179, 13:50:00
5087, 2024-08-21 14:22:31, 31.8741, 63.1023, 11.7183, 114.8646, 1.5742, 0.0000, 1.4315, 2.1277, 13:55:00
5087, 2024-08-21 14:27:31, 32.8552, 64.4689, 11.7171, 114.8646, 1.5737, 0.0000, 1.4458, 2.1370, 14:00:00
5087, 2024-08-21 14:32:31, 33.8473, 65.7724, 11.7160, 114.8646, 1.5731, 0.0000, 1.4594, 2.1459, 14:05:00
5087, 2024-08-21 14:37:31, 34.8493, 67.0177, 11.7148, 114.8646, 1.5724, 0.0000, 1.4724, 2.1542, 14:10:00
5087, 2024-08-21 14:42:31, 35.8604, 68.2094, 11.7136, 114.8646, 1.5714, 0.0000, 1.4848, 2.1620, 14:15:00
5087, 2024-08-21 14:47:31, 36.8797, 69.3515, 11.7125, 114.8646, 1.5704, 0.0000, 1.4966, 2.1693, 14:20:00
5087, 2024-08-21 14:52:31, 37.9065, 70.4479, 11.7113, 114.8646, 1.5691, 0.0000, 1.5078, 2.1761, 14:25:00
5087, 2024-08-21 14:57:31, 38.9402, 71.5020, 11.7101, 114.8646, 1.5678, 0.0000, 1.5183, 2.1825, 14:30:00
5087, 2024-08-21 15:02:31, 39.9801, 72.5171, 11.7090, 114.8646, 1.5662, 0.0000, 1.5284, 2.1884, 14:35:00
5087, 2024-08-21 15:07:31, 41.0257, 73.4962, 11.7078, 114.8646, 1.5646, 0.0000, 1.5378, 2.1938, 14:40:00
5087, 2024-08-21 15:12:31, 42.0764, 74.4418, 11.7066, 114.8646, 1.5628, 0.0000, 1.5467, 2.1988, 14:45:00
5087, 2024-08-21 15:17:31, 43.1319, 75.3565, 11.7055, 114.8646, 1.5609, 0.0000, 1.5551, 2.2034, 14:50:00
5087, 2024-08-21 15:22:31, 44.1918, 76.2426, 11.7043, 114.8646, 1.5589, 0.0000, 1.5629, 2.2075, 14:55:00
5087, 2024-08-21 15:27:31, 45.2555, 77.1022, 11.7031, 114.8646, 1.5568, 0.0000, 1.5702, 2.2112, 15:00:00
5087, 2024-08-21 15:32:31, 46.3229, 77.9371, 11.7020, 114.8646, 1.5546, 0.0000, 1.5770, 2.2144, 15:05:00
5087, 2024-08-21 15:37:31, 47.3935, 78.7493, 11.7008, 114.8646, 1.5522, 0.0000, 1.5834, 2.2173, 15:10:00
5087, 2024-08-21 15:42:31, 48.4670, 79.5403, 11.6996, 114.8646, 1.5497, 0.0000, 1.5892, 2.2197, 15:15:00
5087, 2024-08-21 15:47:31, 49.5432, 80.3118, 11.6984, 114.8646, 1.5472, 0.0000, 1.5946, 2.2218, 15:20:00
5087, 2024-08-21 15:52:31, 50.6219, 81.0650, 11.6973, 114.8646, 1.5445, 0.0000, 1.5995, 2.2235, 15:25:00
5087, 2024-08-21 15:57:31, 51.7026, 81.8014, 11.6961, 114.8646, 1.5417, 0.0000, 1.6039, 2.2247, 15:30:00
5087, 2024-08-21 16:02:31, 52.7854, 82.5221, 11.6949, 114.8646, 1.5389, 0.0000, 1.6079, 2.2256, 15:35:00
5087, 2024-08-21 16:07:31, 53.8698, 83.2284, 11.6938, 114.8646, 1.5359, 0.0000, 1.6114, 2.2261, 15:40:00
5087, 2024-08-21 16:12:31, 54.9558, 83.9213, 11.6926, 114.8646, 1.5328, 0.0000, 1.6146, 2.2263, 15:45:00
5087, 2024-08-21 16:17:31, 56.0432, 84.6018, 11.6914, 114.8646, 1.5297, 0.0000, 1.6172, 2.2261, 15:50:00
5087, 2024-08-21 16:22:31, 57.1316, 85.2708, 11.6903, 114.8646, 1.5264, 0.0000, 1.6195, 2.2255, 15:55:00
5087, 2024-08-21 16:27:31, 58.2211, 85.9293, 11.6891, 114.8646, 1.5231, 0.0000, 1.6214, 2.2246, 16:00:00
5087, 2024-08-21 16:32:31, 59.3114, 86.5780, 11.6879, 114.8646, 1.5197, 0.0000, 1.6229, 2.2233, 16:05:00
5087, 2024-08-21 16:37:31, 60.4023, 87.2178, 11.6868, 114.8646, 1.5162, 0.0000, 1.6239, 2.2217, 16:10:00
5087, 2024-08-21 16:42:31, 61.4938, 87.8494, 11.6856, 114.8646, 1.5126, 0.0000, 1.6246, 2.2198, 16:15:00
5087, 2024-08-21 16:47:31, 62.5856, 88.4735, 11.6844, 114.8646, 1.5089, 0.0000, 1.6249, 2.2175, 16:20:00
5087, 2024-08-21 16:52:31, 63.6776, 89.0907, 11.6833, 114.8646, 1.5052, 0.0000, 1.6249, 2.2149, 16:25:00
5087, 2024-08-21 16:57:31, 64.7697, 89.7018, 11.6821, 114.8646, 1.5014, 0.0000, 1.6244, 2.2120, 16:30:00
5087, 2024-08-21 17:02:31, 65.8618, 90.3073, 11.6809, 114.8646, 1.4975, 0.0000, 1.6237, 2.2088, 16:35:00
5087, 2024-08-21 17:07:31, 66.9536, 90.9078, 11.6797, 114.8646, 1.4935, 0.0000, 1.6225, 2.2052, 16:40:00
5087, 2024-08-21 17:12:31, 68.0451, 91.5038, 11.6786, 114.8646, 1.4894, 0.0000, 1.6210, 2.2014, 16:45:00
5087, 2024-08-21 17:17:31, 69.1361, 92.0959, 11.6774, 114.8646, 1.4853, 0.0000, 1.6192, 2.1973, 16:50:00
5087, 2024-08-21 17:22:31, 70.2264, 92.6847, 11.6762, 114.8646, 1.4811, 0.0000, 1.6170, 2.1928, 16:55:00
5087, 2024-09-06 08:04:39, 64.7778, -82.7168, 6.0980, 114.8646, 0.6822, 0.0000, -0.8261, 1.0714, 07:42:00
5087, 2024-09-06 08:09:39, 63.6964, -82.0389, 6.0967, 114.8646, 0.6974, 0.0000, -0.8139, 1.0719, 07:47:00
5087, 2024-09-06 08:14:39, 62.6167, -81.3511, 6.0954, 114.8646, 0.7132, 0.0000, -0.8006, 1.0722, 07:52:00
5087, 2024-09-06 08:19:39, 61.5389, -80.6526, 6.0941, 114.8646, 0.7293, 0.0000, -0.7861, 1.0723, 07:57:00
5087, 2024-09-06 08:22:39, 60.8932, -80.2280, 6.0934, 114.8646, 0.7392, 0.0000, -0.7769, 1.0724, 08:00:00
5087, 2024-09-06 08:27:39, 59.8188, -79.5107, 6.0921, 114.8646, 0.7560, 0.0000, -0.7606, 1.0724, 08:05:00
5087, 2024-09-06 08:32:39, 58.7469, -78.7805, 6.0908, 114.8646, 0.7733, 0.0000, -0.7431, 1.0725, 08:10:00
5087, 2024-09-06 08:37:39, 57.6776, -78.0364, 6.0895, 114.8646, 0.7909, 0.0000, -0.7245, 1.0726, 08:15:00
5087, 2024-09-06 08:42:39, 56.6113, -77.2776, 6.0882, 114.8646, 0.8089, 0.0000, -0.7047, 1.0728, 08:20:00
5087, 2024-09-06 08:47:39, 55.5481, -76.5029, 6.0869, 114.8646, 0.8272, 0.0000, -0.6837, 1.0732, 08:25:00
5087, 2024-09-06 08:52:39, 54.4884, -75.7113, 6.0856, 114.8646, 0.8458, 0.0000, -0.6615, 1.0738, 08:30:00
5087, 2024-09-06 08:57:39, 53.4324, -74.9016, 6.0843, 114.8646, 0.8648, 0.0000, -0.6382, 1.0748, 08:35:00
5087, 2024-09-06 09:02:39, 52.3805, -74.0726, 6.0830, 114.8646, 0.8840, 0.0000, -0.6136, 1.0761, 08:40:00
5087, 2024-09-06 09:07:39, 51.3329, -73.2229, 6.0817, 114.8646, 0.9034, 0.0000, -0.5879, 1.0779, 08:45:00
5087, 2024-09-06 09:12:39, 50.2900, -72.3512, 6.0804, 114.8646, 0.9231, 0.0000, -0.5611, 1.0803, 08:50:00
5087, 2024-09-06 09:17:39, 49.2522, -71.4560, 6.0791, 114.8646, 0.9430, 0.0000, -0.5331, 1.0833, 08:55:00
5087, 2024-09-06 09:22:39, 48.2199, -70.5356, 6.0778, 114.8646, 0.9630, 0.0000, -0.5040, 1.0869, 09:00:00
5087, 2024-09-06 09:27:39, 47.1935, -69.5885, 6.0765, 114.8646, 0.9831, 0.0000, -0.4739, 1.0914, 09:05:00
5087, 2024-09-06 09:32:39, 46.1735, -68.6128, 6.0752, 114.8646, 1.0033, 0.0000, -0.4427, 1.0966, 09:10:00
5087, 2024-09-06 09:37:39, 45.1604, -67.6066, 6.0739, 114.8646, 1.0235, 0.0000, -0.4105, 1.1028, 09:15:00
5087, 2024-09-06 09:42:39, 44.1547, -66.5678, 6.0726, 114.8646, 1.0438, 0.0000, -0.3773, 1.1099, 09:20:00
5087, 2024-09-06 09:47:39, 43.1570, -65.4944, 6.0713, 114.8646, 1.0640, 0.0000, -0.3432, 1.1180, 09:25:00
5087, 2024-09-06 09:52:39, 42.1679, -64.3838, 6.0700, 114.8646, 1.0841, 0.0000, -0.3082, 1.1271, 09:30:00
5087, 2024-09-06 09:57:39, 41.1881, -63.2338, 6.0687, 114.8646, 1.1041, 0.0000, -0.2725, 1.1373, 09:35:00
5087, 2024-09-06 10:02:39, 40.2185, -62.0417, 6.0674, 114.8646, 1.1240, 0.0000, -0.2359, 1.1485, 09:40:00
5087, 2024-09-06 10:07:39, 39.2596, -60.8046, 6.0661, 114.8646, 1.1437, 0.0000, -0.1987, 1.1608, 09:45:00
5087, 2024-09-06 10:12:39, 38.3125, -59.5197, 6.0648, 114.8646, 1.1631, 0.0000, -0.1608, 1.1742, 09:50:00
5087, 2024-09-06 10:17:39, 37.3781, -58.1839, 6.0635, 114.8646, 1.1823, 0.0000, -0.1224, 1.1887, 09:55:00
5087, 2024-09-06 10:22:39, 36.4574, -56.7937, 6.0622, 114.8646, 1.2013, 0.0000, -0.0835, 1.2042, 10:00:00
5087, 2024-09-06 10:27:39, 35.5516, -55.3459, 6.0609, 114.8646, 1.2198, 0.0000, -0.0441, 1.2206, 10:05:00
5087, 2024-09-06 10:32:39, 34.6617, -53.8368, 6.0596, 114.8646, 1.2381, 0.0000, -0.0044, 1.2381, 10:10:00
5087, 2024-09-06 10:37:39, 33.7893, -52.2628, 6.0583, 114.8646, 1.2559, 0.0000, 0.0356, 1.2564, 10:15:00
5087, 2024-09-06 10:42:39, 32.9356, -50.6198, 6.0570, 114.8646, 1.2733, 0.0000, 0.0758, 1.2756, 10:20:00
5087, 2024-09-06 10:47:39, 32.1023, -48.9041, 6.0557, 114.8646, 1.2903, 0.0000, 0.1161, 1.2955, 10:25:00
5087, 2024-09-06 10:52:39, 31.2910, -47.1117, 6.0544, 114.8646, 1.3069, 0.0000, 0.1566, 1.3162, 10:30:00
5087, 2024-09-06 10:57:39, 30.5035, -45.2387, 6.0531, 114.8646, 1.3229, 0.0000, 0.1970, 1.3375, 10:35:00
5087, 2024-09-06 11:02:39, 29.7417, -43.2814, 6.0518, 114.8646, 1.3385, 0.0000, 0.2373, 1.3594, 10:40:00
5087, 2024-09-06 11:07:39, 29.0077, -41.2360, 6.0505, 114.8646, 1.3536, 0.0000, 0.2776, 1.3817, 10:45:00
5087, 2024-09-06 11:12:39, 28.3038, -39.0995, 6.0492, 114.8646, 1.3681, 0.0000, 0.3176, 1.4045, 10:50:00
5087, 2024-09-06 11:17:39, 27.6322, -36.8689, 6.0479, 114.8646, 1.3821, 0.0000, 0.3573, 1.4276, 10:55:00
5087, 2024-09-06 11:22:39, 26.9954, -34.5422, 6.0466, 114.8646, 1.3956, 0.0000, 0.3968, 1.4509, 11:00:00
5087, 2024-09-06 11:27:39, 26.3959, -32.1181, 6.0453, 114.8646, 1.4086, 0.0000, 0.4359, 1.4745, 11:05:00
5087, 2024-09-06 11:32:39, 25.8365, -29.5961, 6.0440, 114.8646, 1.4210, 0.0000, 0.4746, 1.4981, 11:10:00
5087, 2024-09-06 11:37:39, 25.3196, -26.9773, 6.0427, 114.8646, 1.4329, 0.0000, 0.5128, 1.5218, 11:15:00
5087, 2024-09-06 11:42:39, 24.8482, -24.2640, 6.0414, 114.8646, 1.4442, 0.0000, 0.5505, 1.5455, 11:20:00
5087, 2024-09-06 11:47:39, 24.4247, -21.4601, 6.0401, 114.8646, 1.4550, 0.0000, 0.5876, 1.5692, 11:25:00
5087, 2024-09-06 11:52:39, 24.0518, -18.5713, 6.0388, 114.8646, 1.4653, 0.0000, 0.6242, 1.5927, 11:30:00
5087, 2024-09-06 11:57:39, 23.7318, -15.6052, 6.0375, 114.8646, 1.4750, 0.0000, 0.6601, 1.6160, 11:35:00
5087, 2024-09-06 12:02:39, 23.4670, -12.5711, 6.0362, 114.8646, 1.4843, 0.0000, 0.6954, 1.6391, 11:40:00
5087, 2024-09-06 12:07:39, 23.2592, -9.4802, 6.0349, 114.8646, 1.4930, 0.0000, 0.7300, 1.6619, 11:45:00
5087, 2024-09-06 12:12:39, 23.1100, -6.3452, 6.0336, 114.8646, 1.5013, 0.0000, 0.7639, 1.6844, 11:50:00
5087, 2024-09-06 12:17:39, 23.0205, -3.1802, 6.0323, 114.8646, 1.5090, 0.0000, 0.7971, 1.7066, 11:55:00
5087, 2024-09-06 12:22:39, 22.9915, -0.0001, 6.0310, 114.8646, 1.5163, 0.0000, 0.8295, 1.7284, 12:00:00
5087, 2024-09-06 12:27:39, 23.0231, 3.1797, 6.0297, 114.8646, 1.5232, 0.0000, 0.8612, 1.7498, 12:05:00
5087, 2024-09-06 12:32:39, 23.1151, 6.3438, 6.0284, 114.8646, 1.5295, 0.0000, 0.8922, 1.7707, 12:10:00
5087, 2024-09-06 12:37:39, 23.2669, 9.4772, 6.0271, 114.8646, 1.5355, 0.0000, 0.9223, 1.7912, 12:15:00
5087, 2024-09-06 12:42:39, 23.4772, 12.5659, 6.0258, 114.8646, 1.5411, 0.0000, 0.9517, 1.8112, 12:20:00
5087, 2024-09-06 12:47:39, 23.7444, 15.5974, 6.0245, 114.8646, 1.5462, 0.0000, 0.9803, 1.8308, 12:25:00
5087, 2024-09-06 12:52:39, 24.0667, 18.5604, 6.0232, 114.8646, 1.5510, 0.0000, 1.0081, 1.8498, 12:30:00
5087, 2024-09-06 12:57:39, 24.4419, 21.4458, 6.0219, 114.8646, 1.5553, 0.0000, 1.0352, 1.8683, 12:35:00
5087, 2024-09-06 13:02:39, 24.8675, 24.2460, 6.0206, 114.8646, 1.5593, 0.0000, 1.0614, 1.8863, 12:40:00
5087, 2024-09-06 13:07:39, 25.3411, 26.9554, 6.0193, 114.8646, 1.5630, 0.0000, 1.0869, 1.9038, 12:45:00
5087, 2024-09-06 13:12:39, 25.8598, 29.5701, 6.0180, 114.8646, 1.5663, 0.0000, 1.1116, 1.9207, 12:50:00
5087, 2024-09-06 13:17:39, 26.4212, 32.0879, 6.0167, 114.8646, 1.5693, 0.0000, 1.1355, 1.9370, 12:55:00
5087, 2024-09-06 13:22:39, 27.0224, 34.5078, 6.0154, 114.8646, 1.5720, 0.0000, 1.1586, 1.9529, 13:00:00
5087, 2024-09-06 13:27:39, 27.6609, 36.8304, 6.0141, 114.8646, 1.5744, 0.0000, 1.1810, 1.9681, 13:05:00
5087, 2024-09-06 13:32:39, 28.3340, 39.0568, 6.0128, 114.8646, 1.5765, 0.0000, 1.2027, 1.9829, 13:10:00
5087, 2024-09-06 13:37:39, 29.0395, 41.1893, 6.0115, 114.8646, 1.5783, 0.0000, 1.2236, 1.9970, 13:15:00
5087, 2024-09-06 13:42:39, 29.7748, 43.2308, 6.0102, 114.8646, 1.5799, 0.0000, 1.2437, 2.0107, 13:20:00
5087, 2024-09-06 13:47:39, 30.5379, 45.1843, 6.0089, 114.8646, 1.5811, 0.0000, 1.2632, 2.0238, 13:25:00
5087, 2024-09-06 13:52:39, 31.3267, 47.0536, 6.0076, 114.8646, 1.5822, 0.0000, 1.2819, 2.0363, 13:30:00
5087, 2024-09-06 13:57:39, 32.1392, 48.8425, 6.0063, 114.8646, 1.5830, 0.0000, 1.2999, 2.0483, 13:35:00
5087, 2024-09-06 14:02:39, 32.9737, 50.5548, 6.0050, 114.8646, 1.5836, 0.0000, 1.3173, 2.0598, 13:40:00
5087, 2024-09-06 14:07:39, 33.8285, 52.1945, 6.0037, 114.8646, 1.5839, 0.0000, 1.3339, 2.0708, 13:45:00
5087, 2024-09-06 14:12:39, 34.7020, 53.7654, 6.0024, 114.8646, 1.5841, 0.0000, 1.3499, 2.0812, 13:50:00
5087, 2024-09-06 14:17:39, 35.5928, 55.2715, 6.0011, 114.8646, 1.5840, 0.0000, 1.3652, 2.0912, 13:55:00
5087, 2024-09-06 14:22:39, 36.4996, 56.7165, 5.9998, 114.8646, 1.5838, 0.0000, 1.3799, 2.1006, 14:00:00
5087, 2024-09-06 14:27:39, 37.4213, 58.1039, 5.9985, 114.8646, 1.5833, 0.0000, 1.3939, 2.1095, 14:05:00
5087, 2024-09-06 14:32:39, 38.3566, 59.4371, 5.9972, 114.8646, 1.5827, 0.0000, 1.4073, 2.1179, 14:10:00
5087, 2024-09-06 14:37:39, 39.3046, 60.7195, 5.9959, 114.8646, 1.5819, 0.0000, 1.4201, 2.1258, 14:15:00
5087, 2024-09-06 14:42:39, 40.2643, 61.9541, 5.9946, 114.8646, 1.5809, 0.0000, 1.4323, 2.1333, 14:20:00
5087, 2024-09-06 14:47:39, 41.2348, 63.1440, 5.9933, 114.8646, 1.5798, 0.0000, 1.4439, 2.1402, 14:25:00
5087, 2024-09-06 14:52:39, 42.2154, 64.2917, 5.9920, 114.8646, 1.5785, 0.0000, 1.4549, 2.1467, 14:30:00
5087, 2024-09-06 14:57:39, 43.2053, 65.4001, 5.9907, 114.8646, 1.5771, 0.0000, 1.4653, 2.1527, 14:35:00
5087, 2024-09-06 15:02:39, 44.2038, 66.4715, 5.9894, 114.8646, 1.5755, 0.0000, 1.4752, 2.1583, 14:40:00
5087, 2024-09-06 15:07:39, 45.2103, 67.5083, 5.9881, 114.8646, 1.5737, 0.0000, 1.4845, 2.1634, 14:45:00
5087, 2024-09-06 15:12:39, 46.2242, 68.5125, 5.9868, 114.8646, 1.5718, 0.0000, 1.4933, 2.1681, 14:50:00
5087, 2024-09-06 15:17:39, 47.2450, 69.4863, 5.9854, 114.8646, 1.5698, 0.0000, 1.5015, 2.1723, 14:55:00
5087, 2024-09-06 15:22:39, 48.2722, 70.4316, 5.9841, 114.8646, 1.5677, 0.0000, 1.5093, 2.1761, 15:00:00
5087, 2024-09-06 15:27:39, 49.3053, 71.3502, 5.9828, 114.8646, 1.5654, 0.0000, 1.5165, 2.1795, 15:05:00
5087, 2024-09-06 15:32:39, 50.3439, 72.2436, 5.9815, 114.8646, 1.5630, 0.0000, 1.5232, 2.1824, 15:10:00
5087, 2024-09-06 15:37:39, 51.3876, 73.1136, 5.9802, 114.8646, 1.5605, 0.0000, 1.5294, 2.1850, 15:15:00
5087, 2024-09-06 15:42:39, 52.4360, 73.9616, 5.9789, 114.8646, 1.5578, 0.0000, 1.5351, 2.1871, 15:20:00
5087, 2024-09-06 15:47:39, 53.4887, 74.7890, 5.9776, 114.8646, 1.5551, 0.0000, 1.5403, 2.1888, 15:25:00
5087, 2024-09-06 15:52:39, 54.5455, 75.5971, 5.9763, 114.8646, 1.5522, 0.0000, 1.5451, 2.1901, 15:30:00
5087, 2024-09-06 15:57:39, 55.6061, 76.3871, 5.9750, 114.8646, 1.5492, 0.0000, 1.5494, 2.1911, 15:35:00
5087, 2024-09-06 16:02:39, 56.6701, 77.1601, 5.9737, 114.8646, 1.5461, 0.0000, 1.5533, 2.1916, 15:40:00
5087, 2024-09-06 16:07:39, 57.7372, 77.9174, 5.9724, 114.8646, 1.5429, 0.0000, 1.5567, 2.1918, 15:45:00
5087, 2024-09-06 16:12:39, 58.8073, 78.6599, 5.9711, 114.8646, 1.5396, 0.0000, 1.5597, 2.1916, 15:50:00
5087, 2024-09-06 16:17:39, 59.8801, 79.3885, 5.9698, 114.8646, 1.5362, 0.0000, 1.5622, 2.1910, 15:55:00
5087, 2024-09-06 16:22:39, 60.9554, 80.1043, 5.9685, 114.8646, 1.5327, 0.0000, 1.5643, 2.1900, 16:00:00
5087, 2024-09-06 16:27:39, 62.0329, 80.8081, 5.9672, 114.8646, 1.5291, 0.0000, 1.5660, 2.1887, 16:05:00
5087, 2024-09-06 16:32:39, 63.1124, 81.5006, 5.9659, 114.8646, 1.5254, 0.0000, 1.5673, 2.1871, 16:10:00
5087, 2024-09-06 16:37:39, 64.1938, 82.1828, 5.9646, 114.8646, 1.5216, 0.0000, 1.5682, 2.1851, 16:15:00
5087, 2024-09-06 16:42:39, 65.2767, 82.8554, 5.9633, 114.8646, 1.5177, 0.0000, 1.5687, 2.1827, 16:20:00
5087, 2024-09-06 16:47:39, 66.3612, 83.5190, 5.9620, 114.8646, 1.5137, 0.0000, 1.5688, 2.1800, 16:25:00
5087, 2024-09-06 16:52:39, 67.4469, 84.1743, 5.9607, 114.8646, 1.5097, 0.0000, 1.5686, 2.1770, 16:30:00
5087, 2024-09-06 16:57:39, 68.5336, 84.8221, 5.9594, 114.8646, 1.5055, 0.0000, 1.5679, 2.1737, 16:35:00
5087, 2024-09-06 17:02:39, 69.6213, 85.4629, 5.9581, 114.8646, 1.5013, 0.0000, 1.5669, 2.1700, 16:40:00
5087, 2024-09-06 17:07:39, 70.7097, 86.0974, 5.9568, 114.8646, 1.4970, 0.0000, 1.5655, 2.1660, 16:45:00
5087, 2024-09-06 17:12:39, 71.7987, 86.7261, 5.9555, 114.8646, 1.4925, 0.0000, 1.5637, 2.1617, 16:50:00
5087, 2024-09-06 17:17:39, 72.8880, 87.3495, 5.9542, 114.8646, 1.4881, 0.0000, 1.5616, 2.1571, 16:55:00
5087, 2024-09-21 08:12:21, 64.9248, -75.4272, 0.3489, 114.8646, 0.8288, 0.0000, -0.6340, 1.0435, 07:55:00
5087, 2024-09-21 08:17:21, 63.8707, -74.6843, 0.3476, 114.8646, 0.8423, 0.0000, -0.6213, 1.0467, 08:00:00
5087, 2024-09-21 08:22:21, 62.8203, -73.9281, 0.3462, 114.8646, 0.8562, 0.0000, -0.6076, 1.0499, 08:05:00
5087, 2024-09-21 08:27:21, 61.7739, -73.1577, 0.3449, 114.8646, 0.8704, 0.0000, -0.5929, 1.0531, 08:10:00
5087, 2024-09-21 08:32:21, 60.7317, -72.3722, 0.3435, 114.8646, 0.8850, 0.0000, -0.5771, 1.0565, 08:15:00
5087, 2024-09-21 08:37:21, 59.6940, -71.5707, 0.3422, 114.8646, 0.8999, 0.0000, -0.5603, 1.0601, 08:20:00
5087, 2024-09-21 08:42:21, 58.6611, -70.7522, 0.3408, 114.8646, 0.9151, 0.0000, -0.5425, 1.0638, 08:25:00
5087, 2024-09-21 08:47:21, 57.6334, -69.9158, 0.3395, 114.8646, 0.9306, 0.0000, -0.5237, 1.0678, 08:30:00
5087, 2024-09-21 08:52:21, 56.6112, -69.0604, 0.3381, 114.8646, 0.9463, 0.0000, -0.5039, 1.0721, 08:35:00
5087, 2024-09-21 08:57:21, 55.5948, -68.1848, 0.3368, 114.8646, 0.9623, 0.0000, -0.4830, 1.0768, 08:40:00
5087, 2024-09-21 09:02:21, 54.5846, -67.2879, 0.3354, 114.8646, 0.9786, 0.0000, -0.4612, 1.0818, 08:45:00
5087, 2024-09-21 09:07:21, 53.5812, -66.3685, 0.3341, 114.8646, 0.9950, 0.0000, -0.4383, 1.0873, 08:50:00
5087, 2024-09-21 09:12:21, 52.5848, -65.4252, 0.3327, 114.8646, 1.0116, 0.0000, -0.4145, 1.0932, 08:55:00
5087, 2024-09-21 09:17:21, 51.5959, -64.4568, 0.3314, 114.8646, 1.0284, 0.0000, -0.3898, 1.0997, 09:00:00
5087, 2024-09-21 09:22:21, 50.6152, -63.4617, 0.3300, 114.8646, 1.0452, 0.0000, -0.3641, 1.1068, 09:05:00
5087, 2024-09-21 09:27:21, 49.6430, -62.4386, 0.3287, 114.8646, 1.0622, 0.0000, -0.3375, 1.1145, 09:10:00
5087, 2024-09-21 09:32:21, 48.6799, -61.3859, 0.3273, 114.8646, 1.0793, 0.0000, -0.3100, 1.1229, 09:15:00
5087, 2024-09-21 09:37:21, 47.7266, -60.3019, 0.3260, 114.8646, 1.0964, 0.0000, -0.2817, 1.1320, 09:20:00
5087, 2024-09-21 09:42:21, 46.7837, -59.1849, 0.3246, 114.8646, 1.1134, 0.0000, -0.2525, 1.1417, 09:25:00
5087, 2024-09-21 09:47:21, 45.8519, -58.0332, 0.3233, 114.8646, 1.1305, 0.0000, -0.2226, 1.1522, 09:30:00
5087, 2024-09-21 09:52:21, 44.9318, -56.8450, 0.3219, 114.8646, 1.1475, 0.0000, -0.1920, 1.1635, 09:35:00
5087, 2024-09-21 09:57:21, 44.0244, -55.6183, 0.3206, 114.8646, 1.1645, 0.0000, -0.1607, 1.1755, 09:40:00
5087, 2024-09-21 10:02:21, 43.1304, -54.3512, 0.3192, 114.8646, 1.1813, 0.0000, -0.1287, 1.1883, 09:45:00
5087, 2024-09-21 10:07:21, 42.2507, -53.0417, 0.3179, 114.8646, 1.1980, 0.0000, -0.0962, 1.2019, 09:50:00
5087, 2024-09-21 10:12:21, 41.3863, -51.6878, 0.3165, 114.8646, 1.2145, 0.0000, -0.0631, 1.2162, 09:55:00
5087, 2024-09-21 10:17:21, 40.5382, -50.2872, 0.3152, 114.8646, 1.2309, 0.0000, -0.0295, 1.2312, 10:00:00
5087, 2024-09-21 10:22:21, 39.7075, -48.8380, 0.3138, 114.8646, 1.2470, 0.0000, 0.0045, 1.2470, 10:05:00
5087, 2024-09-21 10:27:21, 38.8952, -47.3381, 0.3125, 114.8646, 1.2629, 0.0000, 0.0389, 1.2635, 10:10:00
5087, 2024-09-21 10:32:21, 38.1027, -45.7853, 0.3111, 114.8646, 1.2785, 0.0000, 0.0736, 1.2806, 10:15:00
5087, 2024-09-21 10:37:21, 37.3313, -44.1777, 0.3098, 114.8646, 1.2938, 0.0000, 0.1086, 1.2983, 10:20:00
5087, 2024-09-21 10:42:21, 36.5822, -42.5132, 0.3084, 114.8646, 1.3088, 0.0000, 0.1439, 1.3167, 10:25:00
5087, 2024-09-21 10:47:21, 35.8570, -40.7903, 0.3071, 114.8646, 1.3234, 0.0000, 0.1792, 1.3355, 10:30:00
5087, 2024-09-21 10:52:21, 35.1571, -39.0071, 0.3057, 114.8646, 1.3377, 0.0000, 0.2147, 1.3549, 10:35:00
5087, 2024-09-21 10:57:21, 34.4841, -37.1623, 0.3044, 114.8646, 1.3517, 0.0000, 0.2503, 1.3747, 10:40:00
5087, 2024-09-21 11:02:21, 33.8396, -35.2549, 0.3030, 114.8646, 1.3652, 0.0000, 0.2858, 1.3948, 10:45:00
5087, 2024-09-21 11:07:21, 33.2254, -33.2841, 0.3017, 114.8646, 1.3784, 0.0000, 0.3213, 1.4154, 10:50:00
5087, 2024-09-21 11:12:21, 32.6431, -31.2496, 0.3003, 114.8646, 1.3912, 0.0000, 0.3566, 1.4361, 10:55:00
5087, 2024-09-21 11:17:21, 32.0945, -29.1515, 0.2990, 114.8646, 1.4035, 0.0000, 0.3918, 1.4572, 11:00:00
5087, 2024-09-21 11:22:21, 31.5814, -26.9907, 0.2976, 114.8646, 1.4154, 0.0000, 0.4268, 1.4784, 11:05:00
5087, 2024-09-21 11:27:21, 31.1056, -24.7684, 0.2963, 114.8646, 1.4269, 0.0000, 0.4616, 1.4997, 11:10:00
5087, 2024-09-21 11:32:21, 30.6688, -22.4868, 0.2949, 114.8646, 1.4380, 0.0000, 0.4960, 1.5211, 11:15:00
5087, 2024-09-21 11:37:21, 30.2727, -20.1487, 0.2936, 114.8646, 1.4486, 0.0000, 0.5302, 1.5425, 11:20:00
5087, 2024-09-21 11:42:21, 29.9190, -17.7577, 0.2922, 114.8646, 1.4587, 0.0000, 0.5639, 1.5639, 11:25:00
5087, 2024-09-21 11:47:21, 29.6091, -15.3181, 0.2909, 114.8646, 1.4685, 0.0000, 0.5972, 1.5853, 11:30:00
5087, 2024-09-21 11:52:21, 29.3446, -12.8353, 0.2895, 114.8646, 1.4778, 0.0000, 0.6301, 1.6065, 11:35:00
5087, 2024-09-21 11:57:21, 29.1266, -10.3150, 0.2882, 114.8646, 1.4867, 0.0000, 0.6626, 1.6276, 11:40:00
5087, 2024-09-21 12:02:21, 28.9562, -7.7639, 0.2868, 114.8646, 1.4951, 0.0000, 0.6945, 1.6485, 11:45:00
5087, 2024-09-21 12:07:21, 28.8343, -5.1892, 0.2855, 114.8646, 1.5031, 0.0000, 0.7259, 1.6692, 11:50:00
5087, 2024-09-21 12:12:21, 28.7614, -2.5986, 0.2841, 114.8646, 1.5107, 0.0000, 0.7567, 1.6896, 11:55:00
5087, 2024-09-21 12:17:21, 28.7379, -0.0000, 0.2828, 114.8646, 1.5179, 0.0000, 0.7869, 1.7097, 12:00:00
5087, 2024-09-21 12:22:21, 28.7641, 2.5983, 0.2814, 114.8646, 1.5246, 0.0000, 0.8166, 1.7295, 12:05:00
5087, 2024-09-21 12:27:21, 28.8396, 5.1882, 0.2801, 114.8646, 1.5310, 0.0000, 0.8457, 1.7490, 12:10:00
5087, 2024-09-21 12:32:21, 28.9642, 7.7618, 0.2787, 114.8646, 1.5370, 0.0000, 0.8741, 1.7681, 12:15:00
5087, 2024-09-21 12:37:21, 29.1373, 10.3114, 0.2774, 114.8646, 1.5426, 0.0000, 0.9019, 1.7869, 12:20:00
5087, 2024-09-21 12:42:21, 29.3578, 12.8299, 0.2760, 114.8646, 1.5478, 0.0000, 0.9290, 1.8052, 12:25:00
5087, 2024-09-21 12:47:21, 29.6249, 15.3105, 0.2747, 114.8646, 1.5527, 0.0000, 0.9555, 1.8231, 12:30:00
5087, 2024-09-21 12:52:21, 29.9372, 17.7475, 0.2733, 114.8646, 1.5572, 0.0000, 0.9814, 1.8406, 12:35:00
5087, 2024-09-21 12:57:21, 30.2933, 20.1358, 0.2720, 114.8646, 1.5613, 0.0000, 1.0065, 1.8576, 12:40:00
5087, 2024-09-21 13:02:21, 30.6917, 22.4709, 0.2706, 114.8646, 1.5651, 0.0000, 1.0310, 1.8742, 12:45:00
5087, 2024-09-21 13:07:21, 31.1307, 24.7492, 0.2693, 114.8646, 1.5686, 0.0000, 1.0548, 1.8903, 12:50:00
5087, 2024-09-21 13:12:21, 31.6087, 26.9681, 0.2679, 114.8646, 1.5718, 0.0000, 1.0780, 1.9060, 12:55:00
5087, 2024-09-21 13:17:21, 32.1238, 29.1255, 0.2666, 114.8646, 1.5747, 0.0000, 1.1004, 1.9211, 13:00:00
5087, 2024-09-21 13:22:21, 32.6743, 31.2201, 0.2652, 114.8646, 1.5773, 0.0000, 1.1222, 1.9358, 13:05:00
5087, 2024-09-21 13:27:21, 33.2585, 33.2510, 0.2639, 114.8646, 1.5796, 0.0000, 1.1433, 1.9500, 13:10:00
5087, 2024-09-21 13:32:21, 33.8746, 35.2182, 0.2625, 114.8646, 1.5816, 0.0000, 1.1638, 1.9636, 13:15:00
5087, 2024-09-21 13:37:21, 34.5208, 37.1220, 0.2612, 114.8646, 1.5833, 0.0000, 1.1836, 1.9768, 13:20:00
5087, 2024-09-21 13:42:21, 35.1954, 38.9632, 0.2598, 114.8646, 1.5848, 0.0000, 1.2027, 1.9895, 13:25:00
5087, 2024-09-21 13:47:21, 35.8969, 40.7429, 0.2584, 114.8646, 1.5861, 0.0000, 1.2212, 2.0017, 13:30:00
5087, 2024-09-21 13:52:21, 36.6236, 42.4624, 0.2571, 114.8646, 1.5871, 0.0000, 1.2390, 2.0134, 13:35:00
5087, 2024-09-21 13:57:21, 37.3741, 44.1234, 0.2557, 114.8646, 1.5878, 0.0000, 1.2562, 2.0246, 13:40:00
5087, 2024-09-21 14:02:21, 38.1469, 45.7277, 0.2544, 114.8646, 1.5883, 0.0000, 1.2727, 2.0354, 13:45:00
5087, 2024-09-21 14:07:21, 38.9407, 47.2773, 0.2530, 114.8646, 1.5887, 0.0000, 1.2886, 2.0456, 13:50:00
5087, 2024-09-21 14:12:21, 39.7542, 48.7741, 0.2517, 114.8646, 1.5887, 0.0000, 1.3039, 2.0553, 13:55:00
5087, 2024-09-21 14:17:21, 40.5861, 50.2202, 0.2503, 114.8646, 1.5886, 0.0000, 1.3186, 2.0646, 14:00:00
5087, 2024-09-21 14:22:21, 41.4354, 51.6177, 0.2490, 114.8646, 1.5883, 0.0000, 1.3327, 2.0733, 14:05:00
5087, 2024-09-21 14:27:21, 42.3009, 52.9688, 0.2476, 114.8646, 1.5878, 0.0000, 1.3461, 2.0816, 14:10:00
5087, 2024-09-21 14:32:21, 43.1817, 54.2755, 0.2463, 114.8646, 1.5871, 0.0000, 1.3590, 2.0895, 14:15:00
5087, 2024-09-21 14:37:21, 44.0767, 55.5398, 0.2449, 114.8646, 1.5862, 0.0000, 1.3713, 2.0968, 14:20:00
5087, 2024-09-21 14:42:21, 44.9852, 56.7639, 0.2436, 114.8646, 1.5852, 0.0000, 1.3830, 2.1037, 14:25:00
5087, 2024-09-21 14:47:21, 45.9062, 57.9495, 0.2422, 114.8646, 1.5840, 0.0000, 1.3942, 2.1101, 14:30:00
5087, 2024-09-21 14:52:21, 46.8390, 59.0987, 0.2409, 114.8646, 1.5826, 0.0000, 1.4048, 2.1161, 14:35:00
5087, 2024-09-21 14:57:21, 47.7828, 60.2132, 0.2395, 114.8646, 1.5810, 0.0000, 1.4148, 2.1216, 14:40:00
5087, 2024-09-21 15:02:21, 48.7370, 61.2949, 0.2382, 114.8646, 1.5793, 0.0000, 1.4243, 2.1267, 14:45:00
5087, 2024-09-21 15:07:21, 49.7009, 62.3453, 0.2368, 114.8646, 1.5775, 0.0000, 1.4333, 2.1314, 14:50:00
5087, 2024-09-21 15:12:21, 50.6740, 63.3661, 0.2355, 114.8646, 1.5754, 0.0000, 1.4417, 2.1356, 14:55:00
5087, 2024-09-21 15:17:21, 51.6556, 64.3590, 0.2341, 114.8646, 1.5733, 0.0000, 1.4497, 2.1393, 15:00:00
5087, 2024-09-21 15:22:21, 52.6453, 65.3253, 0.2328, 114.8646, 1.5710, 0.0000, 1.4571, 2.1427, 15:05:00
5087, 2024-09-21 15:27:21, 53.6425, 66.2664, 0.2314, 114.8646, 1.5686, 0.0000, 1.4640, 2.1456, 15:10:00
5087, 2024-09-21 15:32:21, 54.6469, 67.1837, 0.2301, 114.8646, 1.5660, 0.0000, 1.4704, 2.1481, 15:15:00
5087, 2024-09-21 15:37:21, 55.6578, 68.0786, 0.2287, 114.8646, 1.5633, 0.0000, 1.4764, 2.1502, 15:20:00
5087, 2024-09-21 15:42:21, 56.6750, 68.9522, 0.2274, 114.8646, 1.5605, 0.0000, 1.4818, 2.1519, 15:25:00
5087, 2024-09-21 15:47:21, 57.6981, 69.8056, 0.2260, 114.8646, 1.5575, 0.0000, 1.4868, 2.1532, 15:30:00
5087, 2024-09-21 15:52:21, 58.7266, 70.6401, 0.2247, 114.8646, 1.5545, 0.0000, 1.4913, 2.1542, 15:35:00
5087, 2024-09-21 15:57:21, 59.7603, 71.4566, 0.2233, 114.8646, 1.5513, 0.0000, 1.4954, 2.1547, 15:40:00
5087, 2024-09-21 16:02:21, 60.7988, 72.2562, 0.2220, 114.8646, 1.5480, 0.0000, 1.4990, 2.1548, 15:45:00
5087, 2024-09-21 16:07:21, 61.8418, 73.0398, 0.2206, 114.8646, 1.5445, 0.0000, 1.5022, 2.1545, 15:50:00
5087, 2024-09-21 16:12:21, 62.8891, 73.8083, 0.2193, 114.8646, 1.5410, 0.0000, 1.5049, 2.1539, 15:55:00
5087, 2024-09-21 16:17:21, 63.9403, 74.5627, 0.2179, 114.8646, 1.5374, 0.0000, 1.5072, 2.1529, 16:00:00
5087, 2024-09-21 16:22:21, 64.9952, 75.3037, 0.2166, 114.8646, 1.5336, 0.0000, 1.5091, 2.1516, 16:05:00
5087, 2024-09-21 16:27:21, 66.0535, 76.0321, 0.2152, 114.8646, 1.5297, 0.0000, 1.5105, 2.1498, 16:10:00
5087, 2024-09-21 16:32:21, 67.1150, 76.7488, 0.2139, 114.8646, 1.5258, 0.0000, 1.5116, 2.1477, 16:15:00
5087, 2024-09-21 16:37:21, 68.1794, 77.4545, 0.2125, 114.8646, 1.5217, 0.0000, 1.5122, 2.1453, 16:20:00
5087, 2024-09-21 16:42:21, 69.2465, 78.1498, 0.2112, 114.8646, 1.5175, 0.0000, 1.5124, 2.1425, 16:25:00
5087, 2024-09-21 16:47:21, 70.3161, 78.8354, 0.2098, 114.8646, 1.5133, 0.0000, 1.5123, 2.1394, 16:30:00
5087, 2024-09-21 16:52:21, 71.3880, 79.5121, 0.2085, 114.8646, 1.5089, 0.0000, 1.5117, 2.1359, 16:35:00
5087, 2024-09-21 16:57:21, 72.4619, 80.1803, 0.2071, 114.8646, 1.5044, 0.0000, 1.5108, 2.1321, 16:40:00
5087, 2024-09-21 17:02:21, 73.5376, 80.8407, 0.2058, 114.8646, 1.4999, 0.0000, 1.5095, 2.1280, 16:45:00
5087, 2024-09-21 17:07:21, 74.6148, 81.4940, 0.2044, 114.8646, 1.4952, 0.0000, 1.5079, 2.1235, 16:50:00
5087, 2024-09-21 17:12:21, 75.6934, 82.1405, 0.2031, 114.8646, 1.4905, 0.0000, 1.5058, 2.1188, 16:55:00
5087, 2024-10-06 08:20:27, 65.4582, -68.1109, -5.4689, 114.8646, 0.9535, 0.0000, -0.4490, 1.0539, 08:08:00
5087, 2024-10-06 08:25:27, 64.4490, -67.3095, -5.4702, 114.8646, 0.9654, 0.0000, -0.4363, 1.0594, 08:13:00
5087, 2024-10-06 08:30:27, 63.4456, -66.4923, -5.4716, 114.8646, 0.9776, 0.0000, -0.4227, 1.0651, 08:18:00
5087, 2024-10-06 08:35:27, 62.4484, -65.6582, -5.4729, 114.8646, 0.9901, 0.0000, -0.4082, 1.0709, 08:23:00
5087, 2024-10-06 08:40:27, 61.4578, -64.8066, -5.4742, 114.8646, 1.0028, 0.0000, -0.3928, 1.0770, 08:28:00
5087, 2024-10-06 08:45:27, 60.4740, -63.9365, -5.4755, 114.8646, 1.0158, 0.0000, -0.3765, 1.0833, 08:33:00
5087, 2024-10-06 08:50:27, 59.4976, -63.0471, -5.4769, 114.8646, 1.0290, 0.0000, -0.3593, 1.0899, 08:38:00
5087, 2024-10-06 08:55:27, 58.5289, -62.1372, -5.4782, 114.8646, 1.0425, 0.0000, -0.3412, 1.0969, 08:43:00
5087, 2024-10-06 09:00:27, 57.5684, -61.2061, -5.4795, 114.8646, 1.0561, 0.0000, -0.3223, 1.1042, 08:48:00
5087, 2024-10-06 09:05:27, 56.6165, -60.2526, -5.4809, 114.8646, 1.0699, 0.0000, -0.3025, 1.1118, 08:53:00
5087, 2024-10-06 09:10:27, 55.6737, -59.2757, -5.4822, 114.8646, 1.0839, 0.0000, -0.2818, 1.1199, 08:58:00
5087, 2024-10-06 09:12:27, 55.2992, -58.8781, -5.4827, 114.8646, 1.0895, 0.0000, -0.2733, 1.1233, 09:00:00
5087, 2024-10-06 09:17:27, 54.3700, -57.8666, -5.4841, 114.8646, 1.1037, 0.0000, -0.2515, 1.1320, 09:05:00
5087, 2024-10-06 09:22:27, 53.4512, -56.8291, -5.4854, 114.8646, 1.1179, 0.0000, -0.2290, 1.1411, 09:10:00
5087, 2024-10-06 09:27:27, 52.5433, -55.7643, -5.4867, 114.8646, 1.1322, 0.0000, -0.2056, 1.1508, 09:15:00
5087, 2024-10-06 09:32:27, 51.6469, -54.6712, -5.4880, 114.8646, 1.1466, 0.0000, -0.1815, 1.1609, 09:20:00
5087, 2024-10-06 09:37:27, 50.7628, -53.5484, -5.4894, 114.8646, 1.1611, 0.0000, -0.1567, 1.1716, 09:25:00
5087, 2024-10-06 09:42:27, 49.8916, -52.3948, -5.4907, 114.8646, 1.1755, 0.0000, -0.1312, 1.1828, 09:30:00
5087, 2024-10-06 09:47:27, 49.0339, -51.2091, -5.4920, 114.8646, 1.1899, 0.0000, -0.1050, 1.1946, 09:35:00
5087, 2024-10-06 09:52:27, 48.1906, -49.9900, -5.4934, 114.8646, 1.2043, 0.0000, -0.0782, 1.2069, 09:40:00
5087, 2024-10-06 09:57:27, 47.3625, -48.7364, -5.4947, 114.8646, 1.2187, 0.0000, -0.0508, 1.2197, 09:45:00
5087, 2024-10-06 10:02:27, 46.5504, -47.4469, -5.4960, 114.8646, 1.2329, 0.0000, -0.0229, 1.2332, 09:50:00
5087, 2024-10-06 10:07:27, 45.7551, -46.1203, -5.4973, 114.8646, 1.2471, 0.0000, 0.0055, 1.2471, 09:55:00
5087, 2024-10-06 10:12:27, 44.9776, -44.7555, -5.4987, 114.8646, 1.2611, 0.0000, 0.0344, 1.2616, 10:00:00
5087, 2024-10-06 10:17:27, 44.2189, -43.3512, -5.5000, 114.8646, 1.2750, 0.0000, 0.0637, 1.2766, 10:05:00
5087, 2024-10-06 10:22:27, 43.4800, -41.9065, -5.5013, 114.8646, 1.2887, 0.0000, 0.0934, 1.2921, 10:10:00
5087, 2024-10-06 10:27:27, 42.7618, -40.4202, -5.5027, 114.8646, 1.3022, 0.0000, 0.1235, 1.3081, 10:15:00
5087, 2024-10-06 10:32:27, 42.0656, -38.8915, -5.5040, 114.8646, 1.3156, 0.0000, 0.1539, 1.3245, 10:20:00
5087, 2024-10-06 10:37:27, 41.3923, -37.3196, -5.5053, 114.8646, 1.3286, 0.0000, 0.1845, 1.3414, 10:25:00
5087, 2024-10-06 10:42:27, 40.7433, -35.7039, -5.5066, 114.8646, 1.3415, 0.0000, 0.2153, 1.3587, 10:30:00
5087, 2024-10-06 10:47:27, 40.1196, -34.0440, -5.5080, 114.8646, 1.3541, 0.0000, 0.2462, 1.3763, 10:35:00
5087, 2024-10-06 10:52:27, 39.5226, -32.3395, -5.5093, 114.8646, 1.3664, 0.0000, 0.2773, 1.3943, 10:40:00
5087, 2024-10-06 10:57:27, 38.9533, -30.5905, -5.5106, 114.8646, 1.3784, 0.0000, 0.3085, 1.4125, 10:45:00
5087, 2024-10-06 11:02:27, 38.4132, -28.7973, -5.5120, 114.8646, 1.3901, 0.0000, 0.3397, 1.4310, 10:50:00
5087, 2024-10-06 11:07:27, 37.9034, -26.9603, -5.5133, 114.8646, 1.4015, 0.0000, 0.3709, 1.4498, 10:55:00
5087, 2024-10-06 11:12:27, 37.4252, -25.0805, -5.5146, 114.8646, 1.4126, 0.0000, 0.4020, 1.4687, 11:00:00
5087, 2024-10-06 11:17:27, 36.9798, -23.1591, -5.5159, 114.8646, 1.4234, 0.0000, 0.4331, 1.4878, 11:05:00
5087, 2024-10-06 11:22:27, 36.5685, -21.1977, -5.5173, 114.8646, 1.4338, 0.0000, 0.4640, 1.5070, 11:10:00
5087, 2024-10-06 11:27:27, 36.1925, -19.1982, -5.5186, 114.8646, 1.4438, 0.0000, 0.4947, 1.5262, 11:15:00
5087, 2024-10-06 11:32:27, 35.8528, -17.1629, -5.5199, 114.8646, 1.4535, 0.0000, 0.5253, 1.5455, 11:20:00
5087, 2024-10-06 11:37:27, 35.5504, -15.0948, -5.5213, 114.8646, 1.4629, 0.0000, 0.5556, 1.5648, 11:25:00
5087, 2024-10-06 11:42:27, 35.2865, -12.9968, -5.5226, 114.8646, 1.4719, 0.0000, 0.5856, 1.5841, 11:30:00
5087, 2024-10-06 11:47:27, 35.0618, -10.8725, -5.5239, 114.8646, 1.4805, 0.0000, 0.6153, 1.6032, 11:35:00
5087, 2024-10-06 11:52:27, 34.8771, -8.7257, -5.5252, 114.8646, 1.4887, 0.0000, 0.6447, 1.6223, 11:40:00
5087, 2024-10-06 11:57:27, 34.7331, -6.5606, -5.5266, 114.8646, 1.4966, 0.0000, 0.6737, 1.6413, 11:45:00
5087, 2024-10-06 12:02:27, 34.6302, -4.3815, -5.5279, 114.8646, 1.5042, 0.0000, 0.7023, 1.6600, 11:50:00
5087, 2024-10-06 12:07:27, 34.5688, -2.1931, -5.5292, 114.8646, 1.5114, 0.0000, 0.7305, 1.6786, 11:55:00
5087, 2024-10-06 12:12:27, 34.5492, -0.0000, -5.5306, 114.8646, 1.5182, 0.0000, 0.7582, 1.6970, 12:00:00
5087, 2024-10-06 12:17:27, 34.5715, 2.1929, -5.5319, 114.8646, 1.5247, 0.0000, 0.7855, 1.7151, 12:05:00
5087, 2024-10-06 12:22:27, 34.6355, 4.3809, -5.5332, 114.8646, 1.5308, 0.0000, 0.8124, 1.7330, 12:10:00
5087, 2024-10-06 12:27:27, 34.7410, 6.5592, -5.5345, 114.8646, 1.5365, 0.0000, 0.8387, 1.7505, 12:15:00
5087, 2024-10-06 12:32:27, 34.8876, 8.7232, -5.5359, 114.8646, 1.5420, 0.0000, 0.8645, 1.7678, 12:20:00
5087, 2024-10-06 12:37:27, 35.0749, 10.8686, -5.5372, 114.8646, 1.5471, 0.0000, 0.8898, 1.7847, 12:25:00
5087, 2024-10-06 12:42:27, 35.3021, 12.9913, -5.5385, 114.8646, 1.5518, 0.0000, 0.9145, 1.8013, 12:30:00
5087, 2024-10-06 12:47:27, 35.5685, 15.0874, -5.5399, 114.8646, 1.5563, 0.0000, 0.9387, 1.8175, 12:35:00
5087, 2024-10-06 12:52:27, 35.8733, 17.1535, -5.5412, 114.8646, 1.5604, 0.0000, 0.9624, 1.8333, 12:40:00
5087, 2024-10-06 12:57:27, 36.2154, 19.1864, -5.5425, 114.8646, 1.5642, 0.0000, 0.9855, 1.8488, 12:45:00
5087, 2024-10-06 13:02:27, 36.5937, 21.1835, -5.5438, 114.8646, 1.5677, 0.0000, 1.0080, 1.8638, 12:50:00
5087, 2024-10-06 13:07:27, 37.0072, 23.1423, -5.5452, 114.8646, 1.5709, 0.0000, 1.0299, 1.8784, 12:55:00
5087, 2024-10-06 13:12:27, 37.4547, 25.0610, -5.5465, 114.8646, 1.5739, 0.0000, 1.0513, 1.8927, 13:00:00
5087, 2024-10-06 13:17:27, 37.9350, 26.9379, -5.5478, 114.8646, 1.5765, 0.0000, 1.0720, 1.9065, 13:05:00
5087, 2024-10-06 13:22:27, 38.4469, 28.7719, -5.5492, 114.8646, 1.5789, 0.0000, 1.0922, 1.9198, 13:10:00
5087, 2024-10-06 13:27:27, 38.9889, 30.5622, -5.5505, 114.8646, 1.5810, 0.0000, 1.1118, 1.9328, 13:15:00
5087, 2024-10-06 13:32:27, 39.5601, 32.3081, -5.5518, 114.8646, 1.5828, 0.0000, 1.1308, 1.9452, 13:20:00
5087, 2024-10-06 13:37:27, 40.1589, 34.0095, -5.5531, 114.8646, 1.5844, 0.0000, 1.1492, 1.9573, 13:25:00
5087, 2024-10-06 13:42:27, 40.7843, 35.6664, -5.5545, 114.8646, 1.5857, 0.0000, 1.1670, 1.9689, 13:30:00
5087, 2024-10-06 13:47:27, 41.4350, 37.2790, -5.5558, 114.8646, 1.5868, 0.0000, 1.1843, 1.9800, 13:35:00
5087, 2024-10-06 13:52:27, 42.1099, 38.8478, -5.5571, 114.8646, 1.5876, 0.0000, 1.2009, 1.9907, 13:40:00
5087, 2024-10-06 13:57:27, 42.8077, 40.3734, -5.5584, 114.8646, 1.5883, 0.0000, 1.2170, 2.0009, 13:45:00
5087, 2024-10-06 14:02:27, 43.5273, 41.8567, -5.5598, 114.8646, 1.5887, 0.0000, 1.2325, 2.0107, 13:50:00
5087, 2024-10-06 14:07:27, 44.2676, 43.2984, -5.5611, 114.8646, 1.5889, 0.0000, 1.2474, 2.0200, 13:55:00
5087, 2024-10-06 14:12:27, 45.0277, 44.6997, -5.5624, 114.8646, 1.5888, 0.0000, 1.2618, 2.0289, 14:00:00
5087, 2024-10-06 14:17:27, 45.8065, 46.0616, -5.5638, 114.8646, 1.5886, 0.0000, 1.2756, 2.0374, 14:05:00
5087, 2024-10-06 14:22:27, 46.6030, 47.3853, -5.5651, 114.8646, 1.5882, 0.0000, 1.2888, 2.0453, 14:10:00
5087, 2024-10-06 14:27:27, 47.4163, 48.6720, -5.5664, 114.8646, 1.5876, 0.0000, 1.3015, 2.0529, 14:15:00
5087, 2024-10-06 14:32:27, 48.2456, 49.9229, -5.5677, 114.8646, 1.5868, 0.0000, 1.3136, 2.0600, 14:20:00
5087, 2024-10-06 14:37:27, 49.0900, 51.1392, -5.5691, 114.8646, 1.5858, 0.0000, 1.3252, 2.0666, 14:25:00
5087, 2024-10-06 14:42:27, 49.9488, 52.3223, -5.5704, 114.8646, 1.5846, 0.0000, 1.3363, 2.0728, 14:30:00
5087, 2024-10-06 14:47:27, 50.8210, 53.4733, -5.5717, 114.8646, 1.5833, 0.0000, 1.3468, 2.0786, 14:35:00
5087, 2024-10-06 14:52:27, 51.7062, 54.5935, -5.5731, 114.8646, 1.5817, 0.0000, 1.3568, 2.0839, 14:40:00
5087, 2024-10-06 14:57:27, 52.6035, 55.6842, -5.5744, 114.8646, 1.5801, 0.0000, 1.3662, 2.0888, 14:45:00
5087, 2024-10-06 15:02:27, 53.5123, 56.7465, -5.5757, 114.8646, 1.5782, 0.0000, 1.3752, 2.0933, 14:50:00
5087, 2024-10-06 15:07:27, 54.4321, 57.7816, -5.5770, 114.8646, 1.5762, 0.0000, 1.3836, 2.0974, 14:55:00
5087, 2024-10-06 15:12:27, 55.3622, 58.7907, -5.5784, 114.8646, 1.5741, 0.0000, 1.3916, 2.1010, 15:00:00
5087, 2024-10-06 15:17:27, 56.3021, 59.7749, -5.5797, 114.8646, 1.5718, 0.0000, 1.3990, 2.1042, 15:05:00
5087, 2024-10-06 15:22:27, 57.2513, 60.7353, -5.5810, 114.8646, 1.5693, 0.0000, 1.4060, 2.1070, 15:10:00
5087, 2024-10-06 15:27:27, 58.2093, 61.6730, -5.5824, 114.8646, 1.5667, 0.0000, 1.4125, 2.1094, 15:15:00
5087, 2024-10-06 15:32:27, 59.1756, 62.5890, -5.5837, 114.8646, 1.5640, 0.0000, 1.4185, 2.1114, 15:20:00
5087, 2024-10-06 15:37:27, 60.1497, 63.4843, -5.5850, 114.8646, 1.5611, 0.0000, 1.4240, 2.1130, 15:25:00
5087, 2024-10-06 15:42:27, 61.1314, 64.3599, -5.5863, 114.8646, 1.5581, 0.0000, 1.4291, 2.1142, 15:30:00
5087, 2024-10-06 15:47:27, 62.1201, 65.2166, -5.5877, 114.8646, 1.5550, 0.0000, 1.4337, 2.1151, 15:35:00
5087, 2024-10-06 15:52:27, 63.1155, 66.0554, -5.5890, 114.8646, 1.5517, 0.0000, 1.4378, 2.1155, 15:40:00
5087, 2024-10-06 15:57:27, 64.1172, 66.8771, -5.5903, 114.8646, 1.5483, 0.0000, 1.4416, 2.1155, 15:45:00
5087, 2024-10-06 16:02:27, 65.1249, 67.6827, -5.5916, 114.8646, 1.5448, 0.0000, 1.4448, 2.1152, 15:50:00
5087, 2024-10-06 16:07:27, 66.1382, 68.4728, -5.5930, 114.8646, 1.5412, 0.0000, 1.4477, 2.1145, 15:55:00
5087, 2024-10-21 08:29:03, 66.4230, -61.2963, -11.0208, 114.8646, 1.0527, 0.0000, -0.2835, 1.0902, 08:20:00
5087, 2024-10-21 08:34:03, 65.4704, -60.4515, -11.0220, 114.8646, 1.0632, 0.0000, -0.2712, 1.0973, 08:25:00
5087, 2024-10-21 08:39:03, 64.5258, -59.5895, -11.0232, 114.8646, 1.0740, 0.0000, -0.2580, 1.1045, 08:30:00
5087, 2024-10-21 08:44:03, 63.5894, -58.7095, -11.0244, 114.8646, 1.0849, 0.0000, -0.2441, 1.1120, 08:35:00
5087, 2024-10-21 08:49:03, 62.6618, -57.8107, -11.0257, 114.8646, 1.0961, 0.0000, -0.2294, 1.1198, 08:40:00
5087, 2024-10-21 08:54:03, 61.7433, -56.8925, -11.0269, 114.8646, 1.1074, 0.0000, -0.2139, 1.1279, 08:45:00
5087, 2024-10-21 08:59:03, 60.8345, -55.9541, -11.0281, 114.8646, 1.1190, 0.0000, -0.1976, 1.1363, 08:50:00
5087, 2024-10-21 09:04:03, 59.9357, -54.9946, -11.0294, 114.8646, 1.1306, 0.0000, -0.1806, 1.1450, 08:55:00
5087, 2024-10-21 09:09:03, 59.0475, -54.0133, -11.0306, 114.8646, 1.1425, 0.0000, -0.1628, 1.1540, 09:00:00
5087, 2024-10-21 09:14:03, 58.1704, -53.0094, -11.0318, 114.8646, 1.1544, 0.0000, -0.1443, 1.1634, 09:05:00
5087, 2024-10-21 09:19:03, 57.3049, -51.9820, -11.0330, 114.8646, 1.1665, 0.0000, -0.1251, 1.1732, 09:10:00
5087, 2024-10-21 09:24:03, 56.4516, -50.9303, -11.0343, 114.8646, 1.1786, 0.0000, -0.1052, 1.1833, 09:15:00
5087, 2024-10-21 09:29:03, 55.6111, -49.8535, -11.0355, 114.8646, 1.1908, 0.0000, -0.0846, 1.1938, 09:20:00
5087, 2024-10-21 09:34:03, 54.7839, -48.7508, -11.0367, 114.8646, 1.2031, 0.0000, -0.0634, 1.2048, 09:25:00
5087, 2024-10-21 09:39:03, 53.9707, -47.6213, -11.0379, 114.8646, 1.2154, 0.0000, -0.0415, 1.2161, 09:30:00
5087, 2024-10-21 09:44:03, 53.1722, -46.4643, -11.0392, 114.8646, 1.2277, 0.0000, -0.0191, 1.2278, 09:35:00
5087, 2024-10-21 09:49:03, 52.3891, -45.2790, -11.0404, 114.8646, 1.2400, 0.0000, 0.0039, 1.2400, 09:40:00
5087, 2024-10-21 09:54:03, 51.6221, -44.0646, -11.0416, 114.8646, 1.2522, 0.0000, 0.0274, 1.2525, 09:45:00
5087, 2024-10-21 09:59:03, 50.8719, -42.8203, -11.0429, 114.8646, 1.2645, 0.0000, 0.0515, 1.2655, 09:50:00
5087, 2024-10-21 10:04:03, 50.1393, -41.5455, -11.0441, 114.8646, 1.2766, 0.0000, 0.0760, 1.2789, 09:55:00
5087, 2024-10-21 10:09:03, 49.4252, -40.2396, -11.0453, 114.8646, 1.2887, 0.0000, 0.1009, 1.2926, 10:00:00
5087, 2024-10-21 10:14:03, 48.7303, -38.9020, -11.0465, 114.8646, 1.3007, 0.0000, 0.1263, 1.3068, 10:05:00
5087, 2024-10-21 10:19:03, 48.0554, -37.5322, -11.0478, 114.8646, 1.3125, 0.0000, 0.1520, 1.3213, 10:10:00
5087, 2024-10-21 10:24:03, 47.4015, -36.1298, -11.0490, 114.8646, 1.3243, 0.0000, 0.1781, 1.3362, 10:15:00
5087, 2024-10-21 10:29:03, 46.7695, -34.6944, -11.0502, 114.8646, 1.3358, 0.0000, 0.2045, 1.3514, 10:20:00
5087, 2024-10-21 10:34:03, 46.1603, -33.2259, -11.0514, 114.8646, 1.3472, 0.0000, 0.2312, 1.3669, 10:25:00
5087, 2024-10-21 10:39:03, 45.5747, -31.7243, -11.0527, 114.8646, 1.3585, 0.0000, 0.2581, 1.3828, 10:30:00
5087, 2024-10-21 10:44:03, 45.0138, -30.1895, -11.0539, 114.8646, 1.3695, 0.0000, 0.2851, 1.3989, 10:35:00
5087, 2024-10-21 10:49:03, 44.4785, -28.6218, -11.0551, 114.8646, 1.3803, 0.0000, 0.3124, 1.4152, 10:40:00
5087, 2024-10-21 10:54:03, 43.9696, -27.0216, -11.0563, 114.8646, 1.3909, 0.0000, 0.3397, 1.4318, 10:45:00
5087, 2024-10-21 10:59:03, 43.4883, -25.3894, -11.0576, 114.8646, 1.4013, 0.0000, 0.3672, 1.4486, 10:50:00
5087, 2024-10-21 11:04:03, 43.0353, -23.7261, -11.0588, 114.8646, 1.4114, 0.0000, 0.3947, 1.4655, 10:55:00
5087, 2024-10-21 11:09:03, 42.6116, -22.0326, -11.0600, 114.8646, 1.4213, 0.0000, 0.4222, 1.4826, 11:00:00
5087, 2024-10-21 11:14:03, 42.2182, -20.3102, -11.0612, 114.8646, 1.4308, 0.0000, 0.4497, 1.4998, 11:05:00
5087, 2024-10-21 11:19:03, 41.8558, -18.5601, -11.0625, 114.8646, 1.4402, 0.0000, 0.4771, 1.5171, 11:10:00
5087, 2024-10-21 11:24:03, 41.5253, -16.7841, -11.0637, 114.8646, 1.4492, 0.0000, 0.5044, 1.5345, 11:15:00
5087, 2024-10-21 11:29:03, 41.2274, -14.9839, -11.0649, 114.8646, 1.4580, 0.0000, 0.5317, 1.5519, 11:20:00
5087, 2024-10-21 11:34:03, 40.9629, -13.1617, -11.0662, 114.8646, 1.4664, 0.0000, 0.5587, 1.5693, 11:25:00
5087, 2024-10-21 11:39:03, 40.7324, -11.3197, -11.0674, 114.8646, 1.4746, 0.0000, 0.5856, 1.5866, 11:30:00
5087, 2024-10-21 11:44:03, 40.5366, -9.4604, -11.0686, 114.8646, 1.4825, 0.0000, 0.6123, 1.6039, 11:35:00
5087, 2024-10-21 11:49:03, 40.3758, -7.5863, -11.0698, 114.8646, 1.4900, 0.0000, 0.6387, 1.6212, 11:40:00
5087, 2024-10-21 11:54:03, 40.2506, -5.7003, -11.0711, 114.8646, 1.4973, 0.0000, 0.6649, 1.6383, 11:45:00
5087, 2024-10-21 11:59:03, 40.1613, -3.8052, -11.0723, 114.8646, 1.5043, 0.0000, 0.6908, 1.6553, 11:50:00
5087, 2024-10-21 12:04:03, 40.1081, -1.9041, -11.0735, 114.8646, 1.5109, 0.0000, 0.7164, 1.6721, 11:55:00
5087, 2024-10-21 12:09:03, 40.0912, 0.0000, -11.0747, 114.8646, 1.5172, 0.0000, 0.7416, 1.6888, 12:00:00
5087, 2024-10-21 12:14:03, 40.1106, 1.9040, -11.0760, 114.8646, 1.5233, 0.0000, 0.7665, 1.7053, 12:05:00
5087, 2024-10-21 12:19:03, 40.1662, 3.8048, -11.0772, 114.8646, 1.5290, 0.0000, 0.7911, 1.7215, 12:10:00
5087, 2024-10-21 12:24:03, 40.2580, 5.6993, -11.0784, 114.8646, 1.5344, 0.0000, 0.8152, 1.7375, 12:15:00
5087, 2024-10-21 12:29:03, 40.3856, 7.5846, -11.0796, 114.8646, 1.5395, 0.0000, 0.8389, 1.7533, 12:20:00
5087, 2024-10-21 12:34:03, 40.5487, 9.4577, -11.0809, 114.8646, 1.5444, 0.0000, 0.8622, 1.7688, 12:25:00
5087, 2024-10-21 12:39:03, 40.7469, 11.3159, -11.0821, 114.8646, 1.5489, 0.0000, 0.8851, 1.7839, 12:30:00
5087, 2024-10-21 12:44:03, 40.9797, 13.1565, -11.0833, 114.8646, 1.5531, 0.0000, 0.9075, 1.7988, 12:35:00
5087, 2024-10-21 12:49:03, 41.2465, 14.9772, -11.0845, 114.8646, 1.5571, 0.0000, 0.9294, 1.8134, 12:40:00
5087, 2024-10-21 12:54:03, 41.5466, 16.7756, -11.0858, 114.8646, 1.5608, 0.0000, 0.9509, 1.8276, 12:45:00
5087, 2024-10-21 12:59:03, 41.8793, 18.5498, -11.0870, 114.8646, 1.5642, 0.0000, 0.9719, 1.8415, 12:50:00
5087, 2024-10-21 13:04:03, 42.2438, 20.2978, -11.0882, 114.8646, 1.5673, 0.0000, 0.9924, 1.8550, 12:55:00
5087, 2024-10-21 13:09:03, 42.6394, 22.0182, -11.0894, 114.8646, 1.5701, 0.0000, 1.0124, 1.8682, 13:00:00
5087, 2024-10-21 13:14:03, 43.0651, 23.7095, -11.0907, 114.8646, 1.5727, 0.0000, 1.0319, 1.8810, 13:05:00
5087, 2024-10-21 13:19:03, 43.5200, 25.3704, -11.0919, 114.8646, 1.5750, 0.0000, 1.0509, 1.8934, 13:10:00
5087, 2024-10-21 13:24:03, 44.0033, 27.0002, -11.0931, 114.8646, 1.5771, 0.0000, 1.0694, 1.9055, 13:15:00
5087, 2024-10-21 13:29:03, 44.5139, 28.5979, -11.0943, 114.8646, 1.5789, 0.0000, 1.0873, 1.9171, 13:20:00
5087, 2024-10-21 13:34:03, 45.0511, 30.1631, -11.0956, 114.8646, 1.5805, 0.0000, 1.1048, 1.9283, 13:25:00
5087, 2024-10-21 13:39:03, 45.6137, 31.6954, -11.0968, 114.8646, 1.5818, 0.0000, 1.1217, 1.9392, 13:30:00
5087, 2024-10-21 13:44:03, 46.2009, 33.1945, -11.0980, 114.8646, 1.5829, 0.0000, 1.1381, 1.9496, 13:35:00
5087, 2024-10-21 13:49:03, 46.8118, 34.6604, -11.0992, 114.8646, 1.5838, 0.0000, 1.1540, 1.9596, 13:40:00
5087, 2024-10-21 13:54:03, 47.4454, 36.0931, -11.1005, 114.8646, 1.5844, 0.0000, 1.1694, 1.9692, 13:45:00
5087, 2024-10-21 13:59:03, 48.1007, 37.4929, -11.1017, 114.8646, 1.5849, 0.0000, 1.1842, 1.9784, 13:50:00
5087, 2024-10-21 14:04:03, 48.7770, 38.8601, -11.1029, 114.8646, 1.5851, 0.0000, 1.1985, 1.9872, 13:55:00
5087, 2024-10-21 14:09:03, 49.4733, 40.1951, -11.1041, 114.8646, 1.5851, 0.0000, 1.2123, 1.9956, 14:00:00
5087, 2024-10-21 14:14:03, 50.1888, 41.4984, -11.1054, 114.8646, 1.5849, 0.0000, 1.2256, 2.0035, 14:05:00
5087, 2024-10-21 14:19:03, 50.9226, 42.7706, -11.1066, 114.8646, 1.5845, 0.0000, 1.2384, 2.0111, 14:10:00
5087, 2024-10-21 14:24:03, 51.6740, 44.0123, -11.1078, 114.8646, 1.5839, 0.0000, 1.2506, 2.0182, 14:15:00
5087, 2024-10-21 14:29:03, 52.4423, 45.2242, -11.1090, 114.8646, 1.5832, 0.0000, 1.2624, 2.0249, 14:20:00
5087, 2024-10-21 14:34:03, 53.2265, 46.4071, -11.1103, 114.8646, 1.5822, 0.0000, 1.2736, 2.0311, 14:25:00
5087, 2024-10-21 14:39:03, 54.0261, 47.5616, -11.1115, 114.8646, 1.5811, 0.0000, 1.2844, 2.0370, 14:30:00
5087, 2024-10-21 14:44:03, 54.8403, 48.6886, -11.1127, 114.8646, 1.5797, 0.0000, 1.2946, 2.0425, 14:35:00
5087, 2024-10-21 14:49:03, 55.6685, 49.7889, -11.1139, 114.8646, 1.5783, 0.0000, 1.3044, 2.0475, 14:40:00
5087, 2024-10-21 14:54:03, 56.5100, 50.8632, -11.1152, 114.8646, 1.5766, 0.0000, 1.3136, 2.0521, 14:45:00
5087, 2024-10-21 14:59:03, 57.3643, 51.9125, -11.1164, 114.8646, 1.5748, 0.0000, 1.3224, 2.0564, 14:50:00
5087, 2024-10-21 15:04:03, 58.2307, 52.9376, -11.1176, 114.8646, 1.5728, 0.0000, 1.3307, 2.0602, 14:55:00
5087, 2024-10-21 15:09:03, 59.1087, 53.9392, -11.1188, 114.8646, 1.5706, 0.0000, 1.3385, 2.0636, 15:00:00
5087, 2024-10-21 15:14:03, 59.9977, 54.9182, -11.1201, 114.8646, 1.5683, 0.0000, 1.3458, 2.0666, 15:05:00
5087, 2024-10-21 15:19:03, 60.8973, 55.8754, -11.1213, 114.8646, 1.5659, 0.0000, 1.3527, 2.0692, 15:10:00
5087, 2024-10-21 15:24:03, 61.8069, 56.8116, -11.1225, 114.8646, 1.5633, 0.0000, 1.3591, 2.0714, 15:15:00
5087, 2024-10-21 15:29:03, 62.7262, 57.7276, -11.1237, 114.8646, 1.5605, 0.0000, 1.3650, 2.0733, 15:20:00
5087, 2024-10-21 15:34:03, 63.6545, 58.6241, -11.1250, 114.8646, 1.5576, 0.0000, 1.3705, 2.0747, 15:25:00
5087, 2024-10-21 15:39:03, 64.5916, 59.5019, -11.1262, 114.8646, 1.5546, 0.0000, 1.3756, 2.0758, 15:30:00
5087, 2024-10-21 15:44:03, 65.5370, 60.3618, -11.1274, 114.8646, 1.5514, 0.0000, 1.3801, 2.0765, 15:35:00
5087, 2024-10-21 15:49:03, 66.4902, 61.2044, -11.1286, 114.8646, 1.5481, 0.0000, 1.3843, 2.0767, 15:40:00
5087, 2024-10-21 15:54:03, 67.4510, 62.0305, -11.1299, 114.8646, 1.5446, 0.0000, 1.3880, 2.0767, 15:45:00
5087, 2024-10-21 15:59:03, 68.4190, 62.8408, -11.1311, 114.8646, 1.5411, 0.0000, 1.3913, 2.0762, 15:50:00
5087, 2024-10-21 16:04:03, 69.3937, 63.6358, -11.1323, 114.8646, 1.5374, 0.0000, 1.3942, 2.0754, 15:55:00
5087, 2024-11-09 08:43:27, 67.6155, -53.6898, -17.1197, 114.8646, 1.1465, 0.0000, -0.1098, 1.1518, 08:35:00
5087, 2024-11-09 08:48:27, 66.7420, -52.8077, -17.1207, 114.8646, 1.1557, 0.0000, -0.0979, 1.1599, 08:40:00
5087, 2024-11-09 08:53:27, 65.8786, -51.9080, -17.1217, 114.8646, 1.1651, 0.0000, -0.0853, 1.1682, 08:45:00
5087, 2024-11-09 08:58:27, 65.0259, -50.9901, -17.1226, 114.8646, 1.1746, 0.0000, -0.0719, 1.1768, 08:50:00
5087, 2024-11-09 09:03:27, 64.1842, -50.0534, -17.1236, 114.8646, 1.1843, 0.0000, -0.0579, 1.1857, 08:55:00
5087, 2024-11-09 09:08:27, 63.3541, -49.0974, -17.1246, 114.8646, 1.1941, 0.0000, -0.0433, 1.1949, 09:00:00
5087, 2024-11-09 09:13:27, 62.5359, -48.1215, -17.1256, 114.8646, 1.2040, 0.0000, -0.0280, 1.2043, 09:05:00
5087, 2024-11-09 09:18:27, 61.7302, -47.1252, -17.1266, 114.8646, 1.2140, 0.0000, -0.0120, 1.2141, 09:10:00
5087, 2024-11-09 09:23:27, 60.9376, -46.1079, -17.1275, 114.8646, 1.2241, 0.0000, 0.0045, 1.2241, 09:15:00
5087, 2024-11-09 09:28:27, 60.1584, -45.0692, -17.1285, 114.8646, 1.2343, 0.0000, 0.0217, 1.2344, 09:20:00
5087, 2024-11-09 09:33:27, 59.3934, -44.0086, -17.1295, 114.8646, 1.2445, 0.0000, 0.0394, 1.2451, 09:25:00
5087, 2024-11-09 09:38:27, 58.6431, -42.9255, -17.1305, 114.8646, 1.2547, 0.0000, 0.0576, 1.2561, 09:30:00
5087, 2024-11-09 09:43:27, 57.9080, -41.8196, -17.1314, 114.8646, 1.2650, 0.0000, 0.0764, 1.2673, 09:35:00
5087, 2024-11-09 09:48:27, 57.1887, -40.6903, -17.1324, 114.8646, 1.2753, 0.0000, 0.0958, 1.2789, 09:40:00
5087, 2024-11-09 09:53:27, 56.4860, -39.5374, -17.1334, 114.8646, 1.2856, 0.0000, 0.1156, 1.2908, 09:45:00
5087, 2024-11-09 09:58:27, 55.8003, -38.3604, -17.1344, 114.8646, 1.2959, 0.0000, 0.1358, 1.3030, 09:50:00
5087, 2024-11-09 10:03:27, 55.1324, -37.1591, -17.1353, 114.8646, 1.3061, 0.0000, 0.1565, 1.3155, 09:55:00
5087, 2024-11-09 10:08:27, 54.4829, -35.9332, -17.1363, 114.8646, 1.3163, 0.0000, 0.1776, 1.3282, 10:00:00
5087, 2024-11-09 10:13:27, 53.8525, -34.6825, -17.1373, 114.8646, 1.3264, 0.0000, 0.1991, 1.3413, 10:05:00
5087, 2024-11-09 10:18:27, 53.2420, -33.4068, -17.1383, 114.8646, 1.3365, 0.0000, 0.2210, 1.3546, 10:10:00
5087, 2024-11-09 10:23:27, 52.6519, -32.1062, -17.1392, 114.8646, 1.3464, 0.0000, 0.2432, 1.3682, 10:15:00
5087, 2024-11-09 10:28:27, 52.0830, -30.7806, -17.1402, 114.8646, 1.3563, 0.0000, 0.2656, 1.3820, 10:20:00
5087, 2024-11-09 10:33:27, 51.5360, -29.4302, -17.1412, 114.8646, 1.3660, 0.0000, 0.2884, 1.3961, 10:25:00
5087, 2024-11-09 10:38:27, 51.0117, -28.0552, -17.1422, 114.8646, 1.3756, 0.0000, 0.3114, 1.4104, 10:30:00
5087, 2024-11-09 10:43:27, 50.5107, -26.6559, -17.1431, 114.8646, 1.3850, 0.0000, 0.3346, 1.4249, 10:35:00
5087, 2024-11-09 10:48:27, 50.0337, -25.2326, -17.1441, 114.8646, 1.3943, 0.0000, 0.3579, 1.4395, 10:40:00
5087, 2024-11-09 10:53:27, 49.5815, -23.7859, -17.1451, 114.8646, 1.4034, 0.0000, 0.3815, 1.4543, 10:45:00
5087, 2024-11-09 10:58:27, 49.1547, -22.3165, -17.1461, 114.8646, 1.4124, 0.0000, 0.4051, 1.4693, 10:50:00
5087, 2024-11-09 11:03:27, 48.7541, -20.8251, -17.1470, 114.8646, 1.4211, 0.0000, 0.4288, 1.4844, 10:55:00
5087, 2024-11-09 11:08:27, 48.3802, -19.3125, -17.1480, 114.8646, 1.4297, 0.0000, 0.4526, 1.4996, 11:00:00
5087, 2024-11-09 11:13:27, 48.0337, -17.7799, -17.1490, 114.8646, 1.4380, 0.0000, 0.4765, 1.5149, 11:05:00
5087, 2024-11-09 11:18:27, 47.7152, -16.2283, -17.1500, 114.8646, 1.4462, 0.0000, 0.5003, 1.5303, 11:10:00
5087, 2024-11-09 11:23:27, 47.4252, -14.6590, -17.1509, 114.8646, 1.4541, 0.0000, 0.5241, 1.5457, 11:15:00
5087, 2024-11-09 11:28:27, 47.1644, -13.0734, -17.1519, 114.8646, 1.4618, 0.0000, 0.5479, 1.5611, 11:20:00
5087, 2024-11-09 11:33:27, 46.9331, -11.4729, -17.1529, 114.8646, 1.4692, 0.0000, 0.5716, 1.5765, 11:25:00
5087, 2024-11-09 11:38:27, 46.7319, -9.8593, -17.1539, 114.8646, 1.4765, 0.0000, 0.5951, 1.5919, 11:30:00
5087, 2024-11-09 11:43:27, 46.5611, -8.2340, -17.1548, 114.8646, 1.4834, 0.0000, 0.6186, 1.6073, 11:35:00
5087, 2024-11-09 11:48:27, 46.4211, -6.5991, -17.1558, 114.8646, 1.4902, 0.0000, 0.6419, 1.6225, 11:40:00
5087, 2024-11-09 11:53:27, 46.3121, -4.9562, -17.1568, 114.8646, 1.4966, 0.0000, 0.6650, 1.6377, 11:45:00
5087, 2024-11-09 11:58:27, 46.2343, -3.3075, -17.1578, 114.8646, 1.5029, 0.0000, 0.6879, 1.6528, 11:50:00
5087, 2024-11-09 12:03:27, 46.1880, -1.6547, -17.1587, 114.8646, 1.5088, 0.0000, 0.7106, 1.6678, 11:55:00
5087, 2024-11-09 12:08:27, 46.1732, 0.0000, -17.1597, 114.8646, 1.5145, 0.0000, 0.7331, 1.6826, 12:00:00
5087, 2024-11-09 12:13:27, 46.1900, 1.6546, -17.1607, 114.8646, 1.5200, 0.0000, 0.7553, 1.6973, 12:05:00
5087, 2024-11-09 12:18:27, 46.2382, 3.3072, -17.1617, 114.8646, 1.5252, 0.0000, 0.7772, 1.7118, 12:10:00
5087, 2024-11-09 12:23:27, 46.3179, 4.9556, -17.1626, 114.8646, 1.5301, 0.0000, 0.7988, 1.7261, 12:15:00
5087, 2024-11-09 12:28:27, 46.4288, 6.5979, -17.1636, 114.8646, 1.5348, 0.0000, 0.8201, 1.7402, 12:20:00
5087, 2024-11-09 12:33:27, 46.5708, 8.2323, -17.1646, 114.8646, 1.5392, 0.0000, 0.8411, 1.7540, 12:25:00
5087, 2024-11-09 12:38:27, 46.7434, 9.8567, -17.1655, 114.8646, 1.5433, 0.0000, 0.8617, 1.7676, 12:30:00
5087, 2024-11-09 12:43:27, 46.9465, 11.4696, -17.1665, 114.8646, 1.5472, 0.0000, 0.8820, 1.7810, 12:35:00
5087, 2024-11-09 12:48:27, 47.1796, 13.0690, -17.1675, 114.8646, 1.5509, 0.0000, 0.9019, 1.7941, 12:40:00
5087, 2024-11-09 12:53:27, 47.4423, 14.6535, -17.1685, 114.8646, 1.5543, 0.0000, 0.9214, 1.8069, 12:45:00
5087, 2024-11-09 12:58:27, 47.7340, 16.2216, -17.1694, 114.8646, 1.5574, 0.0000, 0.9406, 1.8194, 12:50:00
5087, 2024-11-09 13:03:27, 48.0542, 17.7719, -17.1704, 114.8646, 1.5603, 0.0000, 0.9593, 1.8316, 12:55:00
5087, 2024-11-09 13:08:27, 48.4024, 19.3031, -17.1714, 114.8646, 1.5630, 0.0000, 0.9776, 1.8435, 13:00:00
5087, 2024-11-09 13:13:27, 48.7780, 20.8141, -17.1724, 114.8646, 1.5654, 0.0000, 0.9955, 1.8551, 13:05:00
5087, 2024-11-09 13:18:27, 49.1803, 22.3040, -17.1733, 114.8646, 1.5676, 0.0000, 1.0130, 1.8664, 13:10:00
5087, 2024-11-09 13:23:27, 49.6086, 23.7717, -17.1743, 114.8646, 1.5695, 0.0000, 1.0300, 1.8773, 13:15:00
5087, 2024-11-09 13:28:27, 50.0624, 25.2167, -17.1753, 114.8646, 1.5712, 0.0000, 1.0466, 1.8879, 13:20:00
5087, 2024-11-09 13:33:27, 50.5409, 26.6382, -17.1763, 114.8646, 1.5727, 0.0000, 1.0627, 1.8981, 13:25:00
5087, 2024-11-09 13:38:27, 51.0433, 28.0358, -17.1772, 114.8646, 1.5740, 0.0000, 1.0785, 1.9080, 13:30:00
5087, 2024-11-09 13:43:27, 51.5691, 29.4090, -17.1782, 114.8646, 1.5750, 0.0000, 1.0937, 1.9175, 13:35:00
5087, 2024-11-09 13:48:27, 52.1174, 30.7575, -17.1792, 114.8646, 1.5758, 0.0000, 1.1085, 1.9267, 13:40:00
5087, 2024-11-09 13:53:27, 52.6876, 32.0812, -17.1801, 114.8646, 1.5764, 0.0000, 1.1229, 1.9354, 13:45:00
5087, 2024-11-09 13:58:27, 53.2790, 33.3799, -17.1811, 114.8646, 1.5768, 0.0000, 1.1367, 1.9439, 13:50:00
5087, 2024-11-09 14:03:27, 53.8908, 34.6536, -17.1821, 114.8646, 1.5770, 0.0000, 1.1502, 1.9519, 13:55:00
5087, 2024-11-09 14:08:27, 54.5223, 35.9023, -17.1831, 114.8646, 1.5770, 0.0000, 1.1631, 1.9596, 14:00:00
5087, 2024-11-09 14:13:27, 55.1729, 37.1263, -17.1840, 114.8646, 1.5768, 0.0000, 1.1756, 1.9669, 14:05:00
5087, 2024-11-09 14:18:27, 55.8419, 38.3257, -17.1850, 114.8646, 1.5764, 0.0000, 1.1877, 1.9738, 14:10:00
5087, 2024-11-09 14:23:27, 56.5287, 39.5007, -17.1860, 114.8646, 1.5758, 0.0000, 1.1993, 1.9803, 14:15:00
5087, 2024-11-09 14:28:27, 57.2325, 40.6516, -17.1870, 114.8646, 1.5751, 0.0000, 1.2104, 1.9864, 14:20:00
5087, 2024-11-09 14:33:27, 57.9527, 41.7789, -17.1879, 114.8646, 1.5741, 0.0000, 1.2210, 1.9922, 14:25:00
5087, 2024-11-09 14:38:27, 58.6887, 42.8829, -17.1889, 114.8646, 1.5730, 0.0000, 1.2313, 1.9976, 14:30:00
5087, 2024-11-09 14:43:27, 59.4400, 43.9640, -17.1899, 114.8646, 1.5717, 0.0000, 1.2410, 2.0026, 14:35:00
5087, 2024-11-09 14:48:27, 60.2059, 45.0227, -17.1908, 114.8646, 1.5702, 0.0000, 1.2503, 2.0072, 14:40:00
5087, 2024-11-09 14:53:27, 60.9858, 46.0594, -17.1918, 114.8646, 1.5685, 0.0000, 1.2591, 2.0114, 14:45:00
5087, 2024-11-09 14:58:27, 61.7793, 47.0747, -17.1928, 114.8646, 1.5667, 0.0000, 1.2675, 2.0152, 14:50:00
5087, 2024-11-09 15:03:27, 62.5857, 48.0691, -17.1938, 114.8646, 1.5647, 0.0000, 1.2755, 2.0187, 14:55:00
5087, 2024-11-09 15:08:27, 63.4046, 49.0431, -17.1947, 114.8646, 1.5626, 0.0000, 1.2830, 2.0218, 15:00:00
5087, 2024-11-09 15:13:27, 64.2355, 49.9972, -17.1957, 114.8646, 1.5603, 0.0000, 1.2900, 2.0245, 15:05:00
5087, 2024-11-09 15:18:27, 65.0779, 50.9321, -17.1967, 114.8646, 1.5578, 0.0000, 1.2967, 2.0268, 15:10:00
5087, 2024-11-09 15:23:27, 65.9312, 51.8481, -17.1976, 114.8646, 1.5552, 0.0000, 1.3029, 2.0288, 15:15:00
5087, 2024-11-09 15:28:27, 66.7952, 52.7459, -17.1986, 114.8646, 1.5524, 0.0000, 1.3086, 2.0304, 15:20:00
5087, 2024-11-09 15:33:27, 67.6693, 53.6261, -17.1996, 114.8646, 1.5495, 0.0000, 1.3139, 2.0316, 15:25:00
5087, 2024-11-09 15:38:27, 68.5531, 54.4891, -17.2006, 114.8646, 1.5465, 0.0000, 1.3188, 2.0325, 15:30:00
5087, 2024-11-09 15:43:27, 69.4462, 55.3355, -17.2015, 114.8646, 1.5433, 0.0000, 1.3233, 2.0329, 15:35:00
5087, 2024-11-09 15:48:27, 70.3482, 56.1659, -17.2025, 114.8646, 1.5399, 0.0000, 1.3274, 2.0331, 15:40:00
5087, 2024-11-09 15:53:27, 71.2588, 56.9808, -17.2035, 114.8646, 1.5364, 0.0000, 1.3310, 2.0328, 15:45:00
5087, 2024-11-09 15:58:27, 72.1775, 57.7806, -17.2044, 114.8646, 1.5328, 0.0000, 1.3343, 2.0322, 15:50:00
5087, 2024-11-09 16:03:27, 73.1040, 58.5660, -17.2054, 114.8646, 1.5291, 0.0000, 1.3371, 2.0313, 15:55:00
5087, 2024-12-21 09:14:01, 69.3684, -46.0158, -23.4381, 114.8646, 1.2255, 0.0000, 0.0564, 1.2268, 08:51:00
5087, 2024-12-21 09:19:01, 68.5898, -45.1160, -23.4381, 114.8646, 1.2334, 0.0000, 0.0677, 1.2353, 08:56:00
5087, 2024-12-21 09:23:01, 67.9757, -44.3842, -23.4381, 114.8646, 1.2399, 0.0000, 0.0772, 1.2423, 09:00:00
5087, 2024-12-21 09:28:01, 67.2191, -43.4540, -23.4380, 114.8646, 1.2480, 0.0000, 0.0896, 1.2512, 09:05:00
5087, 2024-12-21 09:33:01, 66.4755, -42.5064, -23.4380, 114.8646, 1.2562, 0.0000, 0.1025, 1.2604, 09:10:00
5087, 2024-12-21 09:38:01, 65.7453, -41.5411, -23.4380, 114.8646, 1.2645, 0.0000, 0.1160, 1.2698, 09:15:00
5087, 2024-12-21 09:43:01, 65.0288, -40.5578, -23.4380, 114.8646, 1.2729, 0.0000, 0.1300, 1.2795, 09:20:00
5087, 2024-12-21 09:48:01, 64.3267, -39.5563, -23.4380, 114.8646, 1.2813, 0.0000, 0.1445, 1.2895, 09:25:00
5087, 2024-12-21 09:53:01, 63.6393, -38.5363, -23.4380, 114.8646, 1.2898, 0.0000, 0.1595, 1.2996, 09:30:00
5087, 2024-12-21 09:58:01, 62.9673, -37.4976, -23.4380, 114.8646, 1.2983, 0.0000, 0.1750, 1.3101, 09:35:00
5087, 2024-12-21 10:03:01, 62.3110, -36.4400, -23.4380, 114.8646, 1.3068, 0.0000, 0.1909, 1.3207, 09:40:00
5087, 2024-12-21 10:08:01, 61.6710, -35.3634, -23.4380, 114.8646, 1.3154, 0.0000, 0.2073, 1.3316, 09:45:00
5087, 2024-12-21 10:13:01, 61.0479, -34.2677, -23.4380, 114.8646, 1.3239, 0.0000, 0.2241, 1.3427, 09:50:00
5087, 2024-12-21 10:18:01, 60.4422, -33.1528, -23.4380, 114.8646, 1.3324, 0.0000, 0.2413, 1.3541, 09:55:00
5087, 2024-12-21 10:23:01, 59.8544, -32.0186, -23.4380, 114.8646, 1.3409, 0.0000, 0.2588, 1.3656, 10:00:00
5087, 2024-12-21 10:28:01, 59.2850, -30.8652, -23.4379, 114.8646, 1.3493, 0.0000, 0.2767, 1.3774, 10:05:00
5087, 2024-12-21 10:33:01, 58.7346, -29.6927, -23.4379, 114.8646, 1.3577, 0.0000, 0.2950, 1.3894, 10:10:00
5087, 2024-12-21 10:38:01, 58.2038, -28.5011, -23.4379, 114.8646, 1.3660, 0.0000, 0.3136, 1.4015, 10:15:00
5087, 2024-12-21 10:43:01, 57.6931, -27.2906, -23.4379, 114.8646, 1.3743, 0.0000, 0.3324, 1.4139, 10:20:00
5087, 2024-12-21 10:48:01, 57.2030, -26.0616, -23.4379, 114.8646, 1.3824, 0.0000, 0.3515, 1.4264, 10:25:00
5087, 2024-12-21 10:53:01, 56.7341, -24.8142, -23.4379, 114.8646, 1.3905, 0.0000, 0.3708, 1.4391, 10:30:00
5087, 2024-12-21 10:58:01, 56.2869, -23.5489, -23.4379, 114.8646, 1.3985, 0.0000, 0.3904, 1.4519, 10:35:00
5087, 2024-12-21 11:03:01, 55.8619, -22.2662, -23.4379, 114.8646, 1.4063, 0.0000, 0.4101, 1.4649, 10:40:00
5087, 2024-12-21 11:08:01, 55.4597, -20.9664, -23.4379, 114.8646, 1.4140, 0.0000, 0.4301, 1.4780, 10:45:00
5087, 2024-12-21 11:13:01, 55.0808, -19.6503, -23.4379, 114.8646, 1.4216, 0.0000, 0.4501, 1.4912, 10:50:00
5087, 2024-12-21 11:18:01, 54.7256, -18.3184, -23.4379, 114.8646, 1.4290, 0.0000, 0.4703, 1.5044, 10:55:00
5087, 2024-12-21 11:23:01, 54.3947, -16.9716, -23.4378, 114.8646, 1.4363, 0.0000, 0.4905, 1.5178, 11:00:00
5087, 2024-12-21 11:28:01, 54.0884, -15.6105, -23.4378, 114.8646, 1.4434, 0.0000, 0.5109, 1.5312, 11:05:00
5087, 2024-12-21 11:33:01, 53.8072, -14.2362, -23.4378, 114.8646, 1.4504, 0.0000, 0.5312, 1.5446, 11:10:00
5087, 2024-12-21 11:38:01, 53.5515, -12.8495, -23.4378, 114.8646, 1.4572, 0.0000, 0.5516, 1.5581, 11:15:00
5087, 2024-12-21 11:43:01, 53.3217, -11.4515, -23.4378, 114.8646, 1.4638, 0.0000, 0.5720, 1.5716, 11:20:00
5087, 2024-12-21 11:48:01, 53.1181, -10.0432, -23.4378, 114.8646, 1.4702, 0.0000, 0.5924, 1.5851, 11:25:00
5087, 2024-12-21 11:53:01, 52.9410, -8.6258, -23.4378, 114.8646, 1.4765, 0.0000, 0.6127, 1.5985, 11:30:00
5087, 2024-12-21 11:58:01, 52.7907, -7.2005, -23.4378, 114.8646, 1.4825, 0.0000, 0.6330, 1.6120, 11:35:00
5087, 2024-12-21 12:03:01, 52.6673, -5.7685, -23.4378, 114.8646, 1.4883, 0.0000, 0.6532, 1.6253, 11:40:00
5087, 2024-12-21 12:08:01, 52.5712, -4.3312, -23.4377, 114.8646, 1.4940, 0.0000, 0.6732, 1.6386, 11:45:00
5087, 2024-12-21 12:13:01, 52.5024, -2.8897, -23.4377, 114.8646, 1.4994, 0.0000, 0.6931, 1.6518, 11:50:00
5087, 2024-12-21 12:18:01, 52.4611, -1.4456, -23.4377, 114.8646, 1.5046, 0.0000, 0.7129, 1.6649, 11:55:00
5087, 2024-12-21 12:23:01, 52.4474, -0.0001, -23.4377, 114.8646, 1.5096, 0.0000, 0.7325, 1.6779, 12:00:00
5087, 2024-12-21 12:28:01, 52.4611, 1.4455, -23.4377, 114.8646, 1.5144, 0.0000, 0.7520, 1.6908, 12:05:00
5087, 2024-12-21 12:33:01, 52.5024, 2.8896, -23.4377, 114.8646, 1.5189, 0.0000, 0.7712, 1.7035, 12:10:00
5087, 2024-12-21 12:38:01, 52.5711, 4.3311, -23.4377, 114.8646, 1.5233, 0.0000, 0.7902, 1.7160, 12:15:00
5087, 2024-12-21 12:43:01, 52.6672, 5.7684, -23.4377, 114.8646, 1.5274, 0.0000, 0.8090, 1.7284, 12:20:00
5087, 2024-12-21 12:48:01, 52.7905, 7.2004, -23.4377, 114.8646, 1.5313, 0.0000, 0.8275, 1.7406, 12:25:00
5087, 2024-12-21 12:53:01, 52.9408, 8.6257, -23.4376, 114.8646, 1.5350, 0.0000, 0.8458, 1.7526, 12:30:00
5087, 2024-12-21 12:58:01, 53.1179, 10.0431, -23.4376, 114.8646, 1.5385, 0.0000, 0.8637, 1.7643, 12:35:00
5087, 2024-12-21 13:03:01, 53.3215, 11.4514, -23.4376, 114.8646, 1.5417, 0.0000, 0.8814, 1.7759, 12:40:00
5087, 2024-12-21 13:08:01, 53.5513, 12.8494, -23.4376, 114.8646, 1.5447, 0.0000, 0.8988, 1.7872, 12:45:00
5087, 2024-12-21 13:13:01, 53.8070, 14.2361, -23.4376, 114.8646, 1.5475, 0.0000, 0.9159, 1.7983, 12:50:00
5087, 2024-12-21 13:18:01, 54.0881, 15.6105, -23.4376, 114.8646, 1.5501, 0.0000, 0.9327, 1.8091, 12:55:00
5087, 2024-12-21 13:23:01, 54.3944, 16.9715, -23.4376, 114.8646, 1.5525, 0.0000, 0.9491, 1.8196, 13:00:00
5087, 2024-12-21 13:28:01, 54.7253, 18.3184, -23.4376, 114.8646, 1.5546, 0.0000, 0.9652, 1.8299, 13:05:00
5087, 2024-12-21 13:33:01, 55.0805, 19.6503, -23.4375, 114.8646, 1.5566, 0.0000, 0.9809, 1.8399, 13:10:00
5087, 2024-12-21 13:38:01, 55.4594, 20.9665, -23.4375, 114.8646, 1.5583, 0.0000, 0.9963, 1.8496, 13:15:00
5087, 2024-12-21 13:43:01, 55.8616, 22.2662, -23.4375, 114.8646, 1.5598, 0.0000, 1.0113, 1.8590, 13:20:00
5087, 2024-12-21 13:48:01, 56.2865, 23.5490, -23.4375, 114.8646, 1.5611, 0.0000, 1.0260, 1.8681, 13:25:00
5087, 2024-12-21 13:53:01, 56.7337, 24.8143, -23.4375, 114.8646, 1.5623, 0.0000, 1.0402, 1.8769, 13:30:00
5087, 2024-12-21 13:58:01, 57.2026, 26.0617, -23.4375, 114.8646, 1.5632, 0.0000, 1.0541, 1.8854, 13:35:00
5087, 2024-12-21 14:03:01, 57.6926, 27.2908, -23.4375, 114.8646, 1.5639, 0.0000, 1.0676, 1.8935, 13:40:00
5087, 2024-12-21 14:08:01, 58.2034, 28.5012, -23.4375, 114.8646, 1.5644, 0.0000, 1.0807, 1.9014, 13:45:00
5087, 2024-12-21 14:13:01, 58.7342, 29.6928, -23.4374, 114.8646, 1.5647, 0.0000, 1.0935, 1.9089, 13:50:00
5087, 2024-12-21 14:18:01, 59.2845, 30.8654, -23.4374, 114.8646, 1.5648, 0.0000, 1.1058, 1.9161, 13:55:00
5087, 2024-12-21 14:23:01, 59.8539, 32.0188, -23.4374, 114.8646, 1.5647, 0.0000, 1.1177, 1.9229, 14:00:00
5087, 2024-12-21 14:28:01, 60.4417, 33.1530, -23.4374, 114.8646, 1.5645, 0.0000, 1.1292, 1.9294, 14:05:00
5087, 2024-12-21 14:33:01, 61.0474, 34.2680, -23.4374, 114.8646, 1.5640, 0.0000, 1.1403, 1.9356, 14:10:00
5087, 2024-12-21 14:38:01, 61.6705, 35.3637, -23.4374, 114.8646, 1.5634, 0.0000, 1.1510, 1.9414, 14:15:00
5087, 2024-12-21 14:43:01, 62.3104, 36.4403, -23.4374, 114.8646, 1.5626, 0.0000, 1.1613, 1.9469, 14:20:00
5087, 2024-12-21 14:48:01, 62.9667, 37.4979, -23.4373, 114.8646, 1.5616, 0.0000, 1.1712, 1.9520, 14:25:00
5087, 2024-12-21 14:53:01, 63.6387, 38.5366, -23.4373, 114.8646, 1.5605, 0.0000, 1.1807, 1.9568, 14:30:00
5087, 2024-12-21 14:58:01, 64.3261, 39.5566, -23.4373, 114.8646, 1.5591, 0.0000, 1.1898, 1.9613, 14:35:00
5087, 2024-12-21 15:03:01, 65.0282, 40.5582, -23.4373, 114.8646, 1.5576, 0.0000, 1.1985, 1.9654, 14:40:00
5087, 2024-12-21 15:08:01, 65.7446, 41.5415, -23.4373, 114.8646, 1.5560, 0.0000, 1.2068, 1.9691, 14:45:00
5087, 2024-12-21 15:13:01, 66.4749, 42.5068, -23.4373, 114.8646, 1.5542, 0.0000, 1.2146, 1.9725, 14:50:00
5087, 2024-12-21 15:18:01, 67.2185, 43.4545, -23.4373, 114.8646, 1.5522, 0.0000, 1.2221, 1.9755, 14:55:00
5087, 2024-12-21 15:23:01, 67.9750, 44.3847, -23.4372, 114.8646, 1.5500, 0.0000, 1.2291, 1.9782, 15:00:00
5087, 2024-12-21 15:28:01, 68.7439, 45.2979, -23.4372, 114.8646, 1.5477, 0.0000, 1.2358, 1.9806, 15:05:00
5087, 2024-12-21 15:33:01, 69.5249, 46.1943, -23.4372, 114.8646, 1.5453, 0.0000, 1.2420, 1.9826, 15:10:00
5087, 2024-12-21 15:38:01, 70.3174, 47.0743, -23.4372, 114.8646, 1.5427, 0.0000, 1.2479, 1.9842, 15:15:00
5087, 2024-12-21 15:43:01, 71.1211, 47.9382, -23.4372, 114.8646, 1.5399, 0.0000, 1.2533, 1.9855, 15:20:00
5087, 2024-12-21 15:48:01, 71.9356, 48.7865, -23.4372, 114.8646, 1.5370, 0.0000, 1.2584, 1.9864, 15:25:00
5087, 2024-12-21 15:53:01, 72.7604, 49.6194, -23.4372, 114.8646, 1.5339, 0.0000, 1.2631, 1.9870, 15:30:00
5087, 2024-12-21 15:58:01, 73.5951, 50.4373, -23.4371, 114.8646, 1.5307, 0.0000, 1.2674, 1.9873, 15:35:00
5087, 2024-12-21 16:03:01, 74.4394, 51.2407, -23.4371, 114.8646, 1.5274, 0.0000, 1.2713, 1.9872, 15:40:00
5087, 2024-12-21 16:08:01, 75.2929, 52.0298, -23.4371, 114.8646, 1.5239, 0.0000, 1.2748, 1.9868, 15:45:00
5087, 2024-12-21 16:13:01, 76.1551, 52.8050, -23.4371, 114.8646, 1.5203, 0.0000, 1.2779, 1.9860, 15:50:00
5087, 2024-12-21 16:18:01, 77.0258, 53.5667, -23.4371, 114.8646, 1.5166, 0.0000, 1.2806, 1.9849, 15:55:00
