id	Y-M-D h:m:s	cenit	acimut	declinacion	d	p1	p2	p3	r	hs:ms:ss
816, 2024-09-30 08:14:17, 65.7839, -71.4475, -3.1532, 803.5423, 9.1673, 0.0000, 3.8319, 9.9359, 08:00:00
816, 2024-09-30 08:15:17, 65.5772, -71.2944, -3.1535, 803.5423, 9.1630, 0.0000, 3.8317, 9.9319, 08:01:00
816, 2024-09-30 08:16:17, 65.3707, -71.1408, -3.1537, 803.5423, 9.1588, 0.0000, 3.8316, 9.9280, 08:02:00
816, 2024-09-30 08:17:17, 65.1643, -70.9865, -3.1540, 803.5423, 9.1545, 0.0000, 3.8316, 9.9240, 08:03:00
816, 2024-09-30 08:18:17, 64.9582, -70.8318, -3.1543, 803.5423, 9.1502, 0.0000, 3.8316, 9.9201, 08:04:00
816, 2024-09-30 08:19:17, 64.7522, -70.6764, -3.1545, 803.5423, 9.1459, 0.0000, 3.8317, 9.9162, 08:05:00
816, 2024-09-30 08:20:17, 64.5464, -70.5204, -3.1548, 803.5423, 9.1416, 0.0000, 3.8320, 9.9123, 08:06:00
816, 2024-09-30 08:21:17, 64.3408, -70.3639, -3.1551, 803.5423, 9.1373, 0.0000, 3.8322, 9.9084, 08:07:00
816, 2024-09-30 08:22:17, 64.1354, -70.2068, -3.1553, 803.5423, 9.1329, 0.0000, 3.8326, 9.9045, 08:08:00
816, 2024-09-30 08:23:17, 63.9303, -70.0490, -3.1556, 803.5423, 9.1285, 0.0000, 3.8330, 9.9006, 08:09:00
816, 2024-09-30 08:24:17, 63.7253, -69.8907, -3.1559, 803.5423, 9.1241, 0.0000, 3.8336, 9.8968, 08:10:00
816, 2024-09-30 08:25:17, 63.5205, -69.7318, -3.1561, 803.5423, 9.1197, 0.0000, 3.8342, 9.8929, 08:11:00
816, 2024-09-30 08:26:17, 63.3159, -69.5722, -3.1564, 803.5423, 9.1153, 0.0000, 3.8348, 9.8891, 08:12:00
816, 2024-09-30 08:27:17, 63.1115, -69.4120, -3.1567, 803.5423, 9.1108, 0.0000, 3.8356, 9.8853, 08:13:00
816, 2024-09-30 08:28:17, 62.9074, -69.2511, -3.1570, 803.5423, 9.1063, 0.0000, 3.8364, 9.8815, 08:14:00
816, 2024-09-30 08:29:17, 62.7035, -69.0896, -3.1572, 803.5423, 9.1018, 0.0000, 3.8373, 9.8777, 08:15:00
816, 2024-09-30 08:30:17, 62.4997, -68.9275, -3.1575, 803.5423, 9.0973, 0.0000, 3.8383, 9.8739, 08:16:00
816, 2024-09-30 08:31:17, 62.2962, -68.7647, -3.1578, 803.5423, 9.0928, 0.0000, 3.8394, 9.8701, 08:17:00
816, 2024-09-30 08:32:17, 62.0929, -68.6013, -3.1580, 803.5423, 9.0883, 0.0000, 3.8405, 9.8664, 08:18:00
816, 2024-09-30 08:33:17, 61.8899, -68.4371, -3.1583, 803.5423, 9.0837, 0.0000, 3.8417, 9.8627, 08:19:00
816, 2024-09-30 08:34:17, 61.6871, -68.2723, -3.1586, 803.5423, 9.0791, 0.0000, 3.8430, 9.8590, 08:20:00
816, 2024-09-30 08:35:17, 61.4845, -68.1069, -3.1588, 803.5423, 9.0746, 0.0000, 3.8443, 9.8553, 08:21:00
816, 2024-09-30 08:36:17, 61.2821, -67.9407, -3.1591, 803.5423, 9.0700, 0.0000, 3.8458, 9.8516, 08:22:00
816, 2024-09-30 08:37:17, 61.0800, -67.7738, -3.1594, 803.5423, 9.0653, 0.0000, 3.8473, 9.8479, 08:23:00
816, 2024-09-30 08:38:17, 60.8781, -67.6062, -3.1596, 803.5423, 9.0607, 0.0000, 3.8489, 9.8443, 08:24:00
816, 2024-09-30 08:39:17, 60.6764, -67.4379, -3.1599, 803.5423, 9.0561, 0.0000, 3.8505, 9.8407, 08:25:00
816, 2024-09-30 08:40:17, 60.4750, -67.2689, -3.1602, 803.5423, 9.0514, 0.0000, 3.8522, 9.8371, 08:26:00
816, 2024-09-30 08:41:17, 60.2739, -67.0991, -3.1605, 803.5423, 9.0468, 0.0000, 3.8540, 9.8335, 08:27:00
816, 2024-09-30 08:42:17, 60.0729, -66.9286, -3.1607, 803.5423, 9.0421, 0.0000, 3.8559, 9.8299, 08:28:00
816, 2024-09-30 08:43:17, 59.8723, -66.7574, -3.1610, 803.5423, 9.0374, 0.0000, 3.8579, 9.8264, 08:29:00
816, 2024-09-30 08:44:17, 59.6719, -66.5854, -3.1613, 803.5423, 9.0327, 0.0000, 3.8599, 9.8229, 08:30:00
816, 2024-09-30 08:45:17, 59.4718, -66.4127, -3.1615, 803.5423, 9.0280, 0.0000, 3.8620, 9.8194, 08:31:00
816, 2024-09-30 08:46:17, 59.2719, -66.2392, -3.1618, 803.5423, 9.0233, 0.0000, 3.8642, 9.8159, 08:32:00
816, 2024-09-30 08:47:17, 59.0723, -66.0649, -3.1621, 803.5423, 9.0186, 0.0000, 3.8664, 9.8124, 08:33:00
816, 2024-09-30 08:48:17, 58.8729, -65.8898, -3.1623, 803.5423, 9.0138, 0.0000, 3.8687, 9.8090, 08:34:00
816, 2024-09-30 08:49:17, 58.6738, -65.7139, -3.1626, 803.5423, 9.0091, 0.0000, 3.8711, 9.8056, 08:35:00
816, 2024-09-30 08:50:17, 58.4750, -65.5372, -3.1629, 803.5423, 9.0043, 0.0000, 3.8736, 9.8022, 08:36:00
816, 2024-09-30 08:51:17, 58.2765, -65.3598, -3.1632, 803.5423, 8.9996, 0.0000, 3.8761, 9.7988, 08:37:00
816, 2024-09-30 08:52:17, 58.0783, -65.1815, -3.1634, 803.5423, 8.9948, 0.0000, 3.8787, 9.7954, 08:38:00
816, 2024-09-30 08:53:17, 57.8803, -65.0023, -3.1637, 803.5423, 8.9900, 0.0000, 3.8814, 9.7921, 08:39:00
816, 2024-09-30 08:54:17, 57.6827, -64.8224, -3.1640, 803.5423, 8.9852, 0.0000, 3.8841, 9.7888, 08:40:00
816, 2024-09-30 08:55:17, 57.4853, -64.6416, -3.1642, 803.5423, 8.9804, 0.0000, 3.8869, 9.7855, 08:41:00
816, 2024-09-30 08:56:17, 57.2882, -64.4599, -3.1645, 803.5423, 8.9756, 0.0000, 3.8898, 9.7823, 08:42:00
816, 2024-09-30 08:57:17, 57.0914, -64.2774, -3.1648, 803.5423, 8.9708, 0.0000, 3.8927, 9.7790, 08:43:00
816, 2024-09-30 08:58:17, 56.8949, -64.0940, -3.1650, 803.5423, 8.9660, 0.0000, 3.8957, 9.7758, 08:44:00
816, 2024-09-30 08:59:17, 56.6987, -63.9098, -3.1653, 803.5423, 8.9612, 0.0000, 3.8988, 9.7726, 08:45:00
816, 2024-09-30 09:00:17, 56.5029, -63.7246, -3.1656, 803.5423, 8.9564, 0.0000, 3.9020, 9.7695, 08:46:00
816, 2024-09-30 09:01:17, 56.3073, -63.5386, -3.1658, 803.5423, 8.9516, 0.0000, 3.9052, 9.7663, 08:47:00
816, 2024-09-30 09:02:17, 56.1121, -63.3516, -3.1661, 803.5423, 8.9467, 0.0000, 3.9085, 9.7632, 08:48:00
816, 2024-09-30 09:03:17, 55.9171, -63.1638, -3.1664, 803.5423, 8.9419, 0.0000, 3.9119, 9.7601, 08:49:00
816, 2024-09-30 09:04:17, 55.7225, -62.9750, -3.1667, 803.5423, 8.9370, 0.0000, 3.9153, 9.7571, 08:50:00
816, 2024-09-30 09:05:17, 55.5283, -62.7852, -3.1669, 803.5423, 8.9322, 0.0000, 3.9188, 9.7540, 08:51:00
816, 2024-09-30 09:06:17, 55.3343, -62.5946, -3.1672, 803.5423, 8.9274, 0.0000, 3.9223, 9.7510, 08:52:00
816, 2024-09-30 09:07:17, 55.1407, -62.4030, -3.1675, 803.5423, 8.9225, 0.0000, 3.9260, 9.7480, 08:53:00
816, 2024-09-30 09:08:17, 54.9474, -62.2104, -3.1677, 803.5423, 8.9177, 0.0000, 3.9296, 9.7451, 08:54:00
816, 2024-09-30 09:09:17, 54.7545, -62.0169, -3.1680, 803.5423, 8.9128, 0.0000, 3.9334, 9.7422, 08:55:00
816, 2024-09-30 09:10:17, 54.5619, -61.8223, -3.1683, 803.5423, 8.9080, 0.0000, 3.9372, 9.7393, 08:56:00
816, 2024-09-30 09:11:17, 54.3697, -61.6268, -3.1685, 803.5423, 8.9031, 0.0000, 3.9411, 9.7364, 08:57:00
816, 2024-09-30 09:12:17, 54.1778, -61.4303, -3.1688, 803.5423, 8.8982, 0.0000, 3.9451, 9.7336, 08:58:00
816, 2024-09-30 09:13:17, 53.9863, -61.2328, -3.1691, 803.5423, 8.8934, 0.0000, 3.9491, 9.7307, 08:59:00
816, 2024-09-30 09:14:17, 53.7951, -61.0343, -3.1693, 803.5423, 8.8885, 0.0000, 3.9532, 9.7280, 09:00:00
816, 2024-09-30 09:15:17, 53.6043, -60.8347, -3.1696, 803.5423, 8.8837, 0.0000, 3.9573, 9.7252, 09:01:00
816, 2024-09-30 09:16:17, 53.4139, -60.6341, -3.1699, 803.5423, 8.8788, 0.0000, 3.9615, 9.7225, 09:02:00
816, 2024-09-30 09:17:17, 53.2239, -60.4325, -3.1702, 803.5423, 8.8740, 0.0000, 3.9658, 9.7198, 09:03:00
816, 2024-09-30 09:18:17, 53.0342, -60.2297, -3.1704, 803.5423, 8.8691, 0.0000, 3.9701, 9.7171, 09:04:00
816, 2024-09-30 09:19:17, 52.8449, -60.0260, -3.1707, 803.5423, 8.8642, 0.0000, 3.9745, 9.7145, 09:05:00
816, 2024-09-30 09:20:17, 52.6560, -59.8211, -3.1710, 803.5423, 8.8594, 0.0000, 3.9789, 9.7119, 09:06:00
816, 2024-09-30 09:21:17, 52.4675, -59.6152, -3.1712, 803.5423, 8.8545, 0.0000, 3.9835, 9.7093, 09:07:00
816, 2024-09-30 09:22:17, 52.2794, -59.4081, -3.1715, 803.5423, 8.8497, 0.0000, 3.9880, 9.7068, 09:08:00
816, 2024-09-30 09:23:17, 52.0917, -59.2000, -3.1718, 803.5423, 8.8449, 0.0000, 3.9927, 9.7043, 09:09:00
816, 2024-09-30 09:24:17, 51.9044, -58.9907, -3.1720, 803.5423, 8.8400, 0.0000, 3.9974, 9.7018, 09:10:00
816, 2024-09-30 09:25:17, 51.7176, -58.7803, -3.1723, 803.5423, 8.8352, 0.0000, 4.0021, 9.6993, 09:11:00
816, 2024-09-30 09:26:17, 51.5311, -58.5687, -3.1726, 803.5423, 8.8303, 0.0000, 4.0069, 9.6969, 09:12:00
816, 2024-09-30 09:27:17, 51.3450, -58.3560, -3.1728, 803.5423, 8.8255, 0.0000, 4.0118, 9.6945, 09:13:00
816, 2024-09-30 09:28:17, 51.1594, -58.1421, -3.1731, 803.5423, 8.8207, 0.0000, 4.0167, 9.6922, 09:14:00
816, 2024-09-30 09:29:17, 50.9742, -57.9271, -3.1734, 803.5423, 8.8159, 0.0000, 4.0217, 9.6899, 09:15:00
816, 2024-09-30 09:30:17, 50.7895, -57.7109, -3.1737, 803.5423, 8.8111, 0.0000, 4.0268, 9.6876, 09:16:00
816, 2024-09-30 09:31:17, 50.6052, -57.4934, -3.1739, 803.5423, 8.8062, 0.0000, 4.0319, 9.6853, 09:17:00
816, 2024-09-30 09:32:17, 50.4213, -57.2748, -3.1742, 803.5423, 8.8014, 0.0000, 4.0370, 9.6831, 09:18:00
816, 2024-09-30 09:33:17, 50.2379, -57.0549, -3.1745, 803.5423, 8.7966, 0.0000, 4.0423, 9.6809, 09:19:00
816, 2024-09-30 09:34:17, 50.0549, -56.8338, -3.1747, 803.5423, 8.7918, 0.0000, 4.0475, 9.6788, 09:20:00
816, 2024-09-30 09:35:17, 49.8725, -56.6115, -3.1750, 803.5423, 8.7871, 0.0000, 4.0529, 9.6767, 09:21:00
816, 2024-09-30 09:36:17, 49.6904, -56.3879, -3.1753, 803.5423, 8.7823, 0.0000, 4.0582, 9.6746, 09:22:00
816, 2024-09-30 09:37:17, 49.5089, -56.1631, -3.1755, 803.5423, 8.7775, 0.0000, 4.0637, 9.6725, 09:23:00
816, 2024-09-30 09:38:17, 49.3278, -55.9370, -3.1758, 803.5423, 8.7727, 0.0000, 4.0692, 9.6705, 09:24:00
816, 2024-09-30 09:39:17, 49.1472, -55.7095, -3.1761, 803.5423, 8.7680, 0.0000, 4.0747, 9.6686, 09:25:00
816, 2024-09-30 09:40:17, 48.9671, -55.4808, -3.1764, 803.5423, 8.7632, 0.0000, 4.0803, 9.6666, 09:26:00
816, 2024-09-30 09:41:17, 48.7875, -55.2508, -3.1766, 803.5423, 8.7585, 0.0000, 4.0860, 9.6647, 09:27:00
816, 2024-09-30 09:42:17, 48.6084, -55.0195, -3.1769, 803.5423, 8.7538, 0.0000, 4.0917, 9.6628, 09:28:00
816, 2024-09-30 09:43:17, 48.4298, -54.7868, -3.1772, 803.5423, 8.7490, 0.0000, 4.0974, 9.6610, 09:29:00
816, 2024-09-30 09:44:17, 48.2517, -54.5528, -3.1774, 803.5423, 8.7443, 0.0000, 4.1032, 9.6592, 09:30:00
816, 2024-09-30 09:45:17, 48.0742, -54.3174, -3.1777, 803.5423, 8.7396, 0.0000, 4.1091, 9.6574, 09:31:00
816, 2024-09-30 09:46:17, 47.8971, -54.0806, -3.1780, 803.5423, 8.7349, 0.0000, 4.1150, 9.6557, 09:32:00
816, 2024-09-30 09:47:17, 47.7206, -53.8425, -3.1782, 803.5423, 8.7302, 0.0000, 4.1210, 9.6540, 09:33:00
816, 2024-09-30 09:48:17, 47.5446, -53.6030, -3.1785, 803.5423, 8.7256, 0.0000, 4.1270, 9.6523, 09:34:00
816, 2024-09-30 09:49:17, 47.3692, -53.3620, -3.1788, 803.5423, 8.7209, 0.0000, 4.1330, 9.6507, 09:35:00
816, 2024-09-30 09:50:17, 47.1943, -53.1197, -3.1790, 803.5423, 8.7163, 0.0000, 4.1392, 9.6491, 09:36:00
816, 2024-09-30 09:51:17, 47.0200, -52.8759, -3.1793, 803.5423, 8.7116, 0.0000, 4.1453, 9.6476, 09:37:00
816, 2024-09-30 09:52:17, 46.8463, -52.6307, -3.1796, 803.5423, 8.7070, 0.0000, 4.1515, 9.6461, 09:38:00
816, 2024-09-30 09:53:17, 46.6731, -52.3840, -3.1799, 803.5423, 8.7024, 0.0000, 4.1578, 9.6446, 09:39:00
816, 2024-09-30 09:54:17, 46.5005, -52.1359, -3.1801, 803.5423, 8.6978, 0.0000, 4.1641, 9.6432, 09:40:00
816, 2024-09-30 09:55:17, 46.3284, -51.8863, -3.1804, 803.5423, 8.6932, 0.0000, 4.1704, 9.6418, 09:41:00
816, 2024-09-30 09:56:17, 46.1570, -51.6351, -3.1807, 803.5423, 8.6886, 0.0000, 4.1768, 9.6404, 09:42:00
816, 2024-09-30 09:57:17, 45.9861, -51.3825, -3.1809, 803.5423, 8.6840, 0.0000, 4.1832, 9.6391, 09:43:00
816, 2024-09-30 09:58:17, 45.8159, -51.1284, -3.1812, 803.5423, 8.6795, 0.0000, 4.1897, 9.6378, 09:44:00
816, 2024-09-30 09:59:17, 45.6463, -50.8727, -3.1815, 803.5423, 8.6749, 0.0000, 4.1962, 9.6366, 09:45:00
816, 2024-09-30 10:00:17, 45.4772, -50.6156, -3.1817, 803.5423, 8.6704, 0.0000, 4.2028, 9.6353, 09:46:00
816, 2024-09-30 10:01:17, 45.3089, -50.3568, -3.1820, 803.5423, 8.6659, 0.0000, 4.2094, 9.6342, 09:47:00
816, 2024-09-30 10:02:17, 45.1411, -50.0965, -3.1823, 803.5423, 8.6614, 0.0000, 4.2161, 9.6330, 09:48:00
816, 2024-09-30 10:03:17, 44.9740, -49.8346, -3.1825, 803.5423, 8.6569, 0.0000, 4.2228, 9.6319, 09:49:00
816, 2024-09-30 10:04:17, 44.8075, -49.5711, -3.1828, 803.5423, 8.6525, 0.0000, 4.2295, 9.6309, 09:50:00
816, 2024-09-30 10:05:17, 44.6417, -49.3061, -3.1831, 803.5423, 8.6480, 0.0000, 4.2363, 9.6299, 09:51:00
816, 2024-09-30 10:06:17, 44.4765, -49.0394, -3.1834, 803.5423, 8.6436, 0.0000, 4.2431, 9.6289, 09:52:00
816, 2024-09-30 10:07:17, 44.3120, -48.7711, -3.1836, 803.5423, 8.6392, 0.0000, 4.2500, 9.6280, 09:53:00
816, 2024-09-30 10:08:17, 44.1482, -48.5011, -3.1839, 803.5423, 8.6348, 0.0000, 4.2569, 9.6271, 09:54:00
816, 2024-09-30 10:09:17, 43.9851, -48.2295, -3.1842, 803.5423, 8.6304, 0.0000, 4.2638, 9.6262, 09:55:00
816, 2024-09-30 10:10:17, 43.8227, -47.9563, -3.1844, 803.5423, 8.6260, 0.0000, 4.2708, 9.6254, 09:56:00
816, 2024-09-30 10:11:17, 43.6609, -47.6814, -3.1847, 803.5423, 8.6217, 0.0000, 4.2778, 9.6246, 09:57:00
816, 2024-09-30 10:12:17, 43.4999, -47.4048, -3.1850, 803.5423, 8.6173, 0.0000, 4.2849, 9.6238, 09:58:00
816, 2024-09-30 10:13:17, 43.3396, -47.1264, -3.1852, 803.5423, 8.6130, 0.0000, 4.2919, 9.6231, 09:59:00
816, 2024-09-30 10:14:17, 43.1800, -46.8464, -3.1855, 803.5423, 8.6087, 0.0000, 4.2991, 9.6225, 10:00:00
816, 2024-09-30 10:15:17, 43.0211, -46.5647, -3.1858, 803.5423, 8.6044, 0.0000, 4.3062, 9.6218, 10:01:00
816, 2024-09-30 10:16:17, 42.8630, -46.2812, -3.1860, 803.5423, 8.6002, 0.0000, 4.3134, 9.6212, 10:02:00
816, 2024-09-30 10:17:17, 42.7057, -45.9960, -3.1863, 803.5423, 8.5959, 0.0000, 4.3207, 9.6207, 10:03:00
816, 2024-09-30 10:18:17, 42.5491, -45.7090, -3.1866, 803.5423, 8.5917, 0.0000, 4.3279, 9.6202, 10:04:00
816, 2024-09-30 10:19:17, 42.3932, -45.4203, -3.1869, 803.5423, 8.5875, 0.0000, 4.3352, 9.6197, 10:05:00
816, 2024-09-30 10:20:17, 42.2382, -45.1298, -3.1871, 803.5423, 8.5833, 0.0000, 4.3426, 9.6193, 10:06:00
816, 2024-09-30 10:21:17, 42.0839, -44.8375, -3.1874, 803.5423, 8.5791, 0.0000, 4.3499, 9.6189, 10:07:00
816, 2024-09-30 10:22:17, 41.9304, -44.5434, -3.1877, 803.5423, 8.5750, 0.0000, 4.3573, 9.6185, 10:08:00
816, 2024-09-30 10:23:17, 41.7777, -44.2475, -3.1879, 803.5423, 8.5708, 0.0000, 4.3648, 9.6182, 10:09:00
816, 2024-09-30 10:24:17, 41.6259, -43.9498, -3.1882, 803.5423, 8.5667, 0.0000, 4.3722, 9.6180, 10:10:00
816, 2024-09-30 10:25:17, 41.4748, -43.6502, -3.1885, 803.5423, 8.5626, 0.0000, 4.3797, 9.6177, 10:11:00
816, 2024-09-30 10:26:17, 41.3246, -43.3488, -3.1887, 803.5423, 8.5586, 0.0000, 4.3872, 9.6175, 10:12:00
816, 2024-09-30 10:27:17, 41.1752, -43.0456, -3.1890, 803.5423, 8.5545, 0.0000, 4.3948, 9.6174, 10:13:00
816, 2024-09-30 10:28:17, 41.0267, -42.7404, -3.1893, 803.5423, 8.5505, 0.0000, 4.4023, 9.6173, 10:14:00
816, 2024-09-30 10:29:17, 40.8790, -42.4334, -3.1896, 803.5423, 8.5465, 0.0000, 4.4099, 9.6172, 10:15:00
816, 2024-09-30 10:30:17, 40.7322, -42.1246, -3.1898, 803.5423, 8.5425, 0.0000, 4.4176, 9.6171, 10:16:00
816, 2024-09-30 10:31:17, 40.5863, -41.8138, -3.1901, 803.5423, 8.5385, 0.0000, 4.4252, 9.6171, 10:17:00
816, 2024-09-30 10:32:17, 40.4412, -41.5011, -3.1904, 803.5423, 8.5346, 0.0000, 4.4329, 9.6172, 10:18:00
816, 2024-09-30 10:33:17, 40.2971, -41.1865, -3.1906, 803.5423, 8.5307, 0.0000, 4.4406, 9.6173, 10:19:00
816, 2024-09-30 10:34:17, 40.1538, -40.8700, -3.1909, 803.5423, 8.5268, 0.0000, 4.4484, 9.6174, 10:20:00
816, 2024-09-30 10:35:17, 40.0115, -40.5516, -3.1912, 803.5423, 8.5229, 0.0000, 4.4561, 9.6175, 10:21:00
816, 2024-09-30 10:36:17, 39.8701, -40.2312, -3.1914, 803.5423, 8.5191, 0.0000, 4.4639, 9.6177, 10:22:00
816, 2024-09-30 10:37:17, 39.7296, -39.9089, -3.1917, 803.5423, 8.5152, 0.0000, 4.4717, 9.6180, 10:23:00
816, 2024-09-30 10:38:17, 39.5901, -39.5847, -3.1920, 803.5423, 8.5114, 0.0000, 4.4795, 9.6183, 10:24:00
816, 2024-09-30 10:39:17, 39.4516, -39.2584, -3.1922, 803.5423, 8.5077, 0.0000, 4.4874, 9.6186, 10:25:00
816, 2024-09-30 10:40:17, 39.3140, -38.9302, -3.1925, 803.5423, 8.5039, 0.0000, 4.4953, 9.6189, 10:26:00
816, 2024-09-30 10:41:17, 39.1773, -38.6000, -3.1928, 803.5423, 8.5002, 0.0000, 4.5032, 9.6193, 10:27:00
816, 2024-09-30 10:42:17, 39.0417, -38.2679, -3.1931, 803.5423, 8.4965, 0.0000, 4.5111, 9.6198, 10:28:00
816, 2024-09-30 10:43:17, 38.9071, -37.9337, -3.1933, 803.5423, 8.4928, 0.0000, 4.5190, 9.6202, 10:29:00
816, 2024-09-30 10:44:17, 38.7735, -37.5976, -3.1936, 803.5423, 8.4891, 0.0000, 4.5269, 9.6207, 10:30:00
816, 2024-09-30 10:45:17, 38.6409, -37.2594, -3.1939, 803.5423, 8.4855, 0.0000, 4.5349, 9.6213, 10:31:00
816, 2024-09-30 10:46:17, 38.5093, -36.9193, -3.1941, 803.5423, 8.4819, 0.0000, 4.5429, 9.6219, 10:32:00
816, 2024-09-30 10:47:17, 38.3788, -36.5771, -3.1944, 803.5423, 8.4783, 0.0000, 4.5509, 9.6225, 10:33:00
816, 2024-09-30 10:48:17, 38.2493, -36.2329, -3.1947, 803.5423, 8.4747, 0.0000, 4.5589, 9.6231, 10:34:00
816, 2024-09-30 10:49:17, 38.1209, -35.8867, -3.1949, 803.5423, 8.4712, 0.0000, 4.5669, 9.6238, 10:35:00
816, 2024-09-30 10:50:17, 37.9935, -35.5385, -3.1952, 803.5423, 8.4677, 0.0000, 4.5750, 9.6246, 10:36:00
816, 2024-09-30 10:51:17, 37.8673, -35.1882, -3.1955, 803.5423, 8.4642, 0.0000, 4.5831, 9.6254, 10:37:00
816, 2024-09-30 10:52:17, 37.7421, -34.8359, -3.1957, 803.5423, 8.4608, 0.0000, 4.5911, 9.6262, 10:38:00
816, 2024-09-30 10:53:17, 37.6180, -34.4816, -3.1960, 803.5423, 8.4574, 0.0000, 4.5992, 9.6270, 10:39:00
816, 2024-09-30 10:54:17, 37.4951, -34.1252, -3.1963, 803.5423, 8.4540, 0.0000, 4.6073, 9.6279, 10:40:00
816, 2024-09-30 10:55:17, 37.3733, -33.7668, -3.1966, 803.5423, 8.4506, 0.0000, 4.6154, 9.6288, 10:41:00
816, 2024-09-30 10:56:17, 37.2526, -33.4064, -3.1968, 803.5423, 8.4472, 0.0000, 4.6236, 9.6298, 10:42:00
816, 2024-09-30 10:57:17, 37.1331, -33.0439, -3.1971, 803.5423, 8.4439, 0.0000, 4.6317, 9.6308, 10:43:00
816, 2024-09-30 10:58:17, 37.0148, -32.6794, -3.1974, 803.5423, 8.4406, 0.0000, 4.6398, 9.6318, 10:44:00
816, 2024-09-30 10:59:17, 36.8976, -32.3128, -3.1976, 803.5423, 8.4374, 0.0000, 4.6480, 9.6329, 10:45:00
816, 2024-09-30 11:00:17, 36.7816, -31.9442, -3.1979, 803.5423, 8.4341, 0.0000, 4.6561, 9.6340, 10:46:00
816, 2024-09-30 11:01:17, 36.6668, -31.5736, -3.1982, 803.5423, 8.4309, 0.0000, 4.6643, 9.6352, 10:47:00
816, 2024-09-30 11:02:17, 36.5532, -31.2009, -3.1984, 803.5423, 8.4277, 0.0000, 4.6725, 9.6363, 10:48:00
816, 2024-09-30 11:03:17, 36.4408, -30.8262, -3.1987, 803.5423, 8.4246, 0.0000, 4.6807, 9.6376, 10:49:00
816, 2024-09-30 11:04:17, 36.3297, -30.4494, -3.1990, 803.5423, 8.4215, 0.0000, 4.6889, 9.6388, 10:50:00
816, 2024-09-30 11:05:17, 36.2198, -30.0706, -3.1992, 803.5423, 8.4184, 0.0000, 4.6971, 9.6401, 10:51:00
816, 2024-09-30 11:06:17, 36.1111, -29.6898, -3.1995, 803.5423, 8.4153, 0.0000, 4.7053, 9.6414, 10:52:00
816, 2024-09-30 11:07:17, 36.0038, -29.3070, -3.1998, 803.5423, 8.4123, 0.0000, 4.7135, 9.6428, 10:53:00
816, 2024-09-30 11:08:17, 35.8977, -28.9222, -3.2001, 803.5423, 8.4093, 0.0000, 4.7217, 9.6442, 10:54:00
816, 2024-09-30 11:09:17, 35.7929, -28.5354, -3.2003, 803.5423, 8.4063, 0.0000, 4.7299, 9.6456, 10:55:00
816, 2024-09-30 11:10:17, 35.6893, -28.1465, -3.2006, 803.5423, 8.4034, 0.0000, 4.7381, 9.6471, 10:56:00
816, 2024-09-30 11:11:17, 35.5871, -27.7557, -3.2009, 803.5423, 8.4004, 0.0000, 4.7463, 9.6486, 10:57:00
816, 2024-09-30 11:12:17, 35.4863, -27.3629, -3.2011, 803.5423, 8.3976, 0.0000, 4.7545, 9.6501, 10:58:00
816, 2024-09-30 11:13:17, 35.3867, -26.9681, -3.2014, 803.5423, 8.3947, 0.0000, 4.7627, 9.6516, 10:59:00
816, 2024-09-30 11:14:17, 35.2885, -26.5714, -3.2017, 803.5423, 8.3919, 0.0000, 4.7709, 9.6532, 11:00:00
816, 2024-09-30 11:15:17, 35.1917, -26.1727, -3.2019, 803.5423, 8.3891, 0.0000, 4.7791, 9.6549, 11:01:00
816, 2024-09-30 11:16:17, 35.0962, -25.7721, -3.2022, 803.5423, 8.3863, 0.0000, 4.7873, 9.6565, 11:02:00
816, 2024-09-30 11:17:17, 35.0021, -25.3695, -3.2025, 803.5423, 8.3836, 0.0000, 4.7955, 9.6582, 11:03:00
816, 2024-09-30 11:18:17, 34.9094, -24.9650, -3.2028, 803.5423, 8.3809, 0.0000, 4.8037, 9.6600, 11:04:00
816, 2024-09-30 11:19:17, 34.8182, -24.5586, -3.2030, 803.5423, 8.3782, 0.0000, 4.8119, 9.6617, 11:05:00
816, 2024-09-30 11:20:17, 34.7283, -24.1503, -3.2033, 803.5423, 8.3756, 0.0000, 4.8201, 9.6635, 11:06:00
816, 2024-09-30 11:21:17, 34.6398, -23.7401, -3.2036, 803.5423, 8.3729, 0.0000, 4.8283, 9.6653, 11:07:00
816, 2024-09-30 11:22:17, 34.5528, -23.3281, -3.2038, 803.5423, 8.3704, 0.0000, 4.8365, 9.6672, 11:08:00
816, 2024-09-30 11:23:17, 34.4672, -22.9143, -3.2041, 803.5423, 8.3678, 0.0000, 4.8447, 9.6691, 11:09:00
816, 2024-09-30 11:24:17, 34.3831, -22.4986, -3.2044, 803.5423, 8.3653, 0.0000, 4.8528, 9.6710, 11:10:00
816, 2024-09-30 11:25:17, 34.3005, -22.0811, -3.2046, 803.5423, 8.3628, 0.0000, 4.8610, 9.6729, 11:11:00
816, 2024-09-30 11:26:17, 34.2193, -21.6618, -3.2049, 803.5423, 8.3604, 0.0000, 4.8691, 9.6749, 11:12:00
816, 2024-09-30 11:27:17, 34.1396, -21.2407, -3.2052, 803.5423, 8.3580, 0.0000, 4.8773, 9.6769, 11:13:00
816, 2024-09-30 11:28:17, 34.0614, -20.8179, -3.2054, 803.5423, 8.3556, 0.0000, 4.8854, 9.6790, 11:14:00
816, 2024-09-30 11:29:17, 33.9848, -20.3934, -3.2057, 803.5423, 8.3532, 0.0000, 4.8935, 9.6810, 11:15:00
816, 2024-09-30 11:30:17, 33.9096, -19.9672, -3.2060, 803.5423, 8.3509, 0.0000, 4.9016, 9.6831, 11:16:00
816, 2024-09-30 11:31:17, 33.8360, -19.5392, -3.2063, 803.5423, 8.3486, 0.0000, 4.9097, 9.6853, 11:17:00
816, 2024-09-30 11:32:17, 33.7640, -19.1097, -3.2065, 803.5423, 8.3463, 0.0000, 4.9178, 9.6874, 11:18:00
816, 2024-09-30 11:33:17, 33.6934, -18.6785, -3.2068, 803.5423, 8.3441, 0.0000, 4.9258, 9.6896, 11:19:00
816, 2024-09-30 11:34:17, 33.6245, -18.2456, -3.2071, 803.5423, 8.3419, 0.0000, 4.9339, 9.6918, 11:20:00
816, 2024-09-30 11:35:17, 33.5571, -17.8112, -3.2073, 803.5423, 8.3398, 0.0000, 4.9419, 9.6940, 11:21:00
816, 2024-09-30 11:36:17, 33.4913, -17.3753, -3.2076, 803.5423, 8.3376, 0.0000, 4.9499, 9.6963, 11:22:00
816, 2024-09-30 11:37:17, 33.4271, -16.9378, -3.2079, 803.5423, 8.3356, 0.0000, 4.9579, 9.6986, 11:23:00
816, 2024-09-30 11:38:17, 33.3645, -16.4988, -3.2081, 803.5423, 8.3335, 0.0000, 4.9659, 9.7009, 11:24:00
816, 2024-09-30 11:39:17, 33.3035, -16.0584, -3.2084, 803.5423, 8.3315, 0.0000, 4.9739, 9.7033, 11:25:00
816, 2024-09-30 11:40:17, 33.2441, -15.6165, -3.2087, 803.5423, 8.3295, 0.0000, 4.9818, 9.7056, 11:26:00
816, 2024-09-30 11:41:17, 33.1863, -15.1732, -3.2089, 803.5423, 8.3275, 0.0000, 4.9898, 9.7080, 11:27:00
816, 2024-09-30 11:42:17, 33.1302, -14.7285, -3.2092, 803.5423, 8.3256, 0.0000, 4.9977, 9.7104, 11:28:00
816, 2024-09-30 11:43:17, 33.0757, -14.2825, -3.2095, 803.5423, 8.3237, 0.0000, 5.0056, 9.7129, 11:29:00
816, 2024-09-30 11:44:17, 33.0229, -13.8352, -3.2098, 803.5423, 8.3219, 0.0000, 5.0134, 9.7154, 11:30:00
816, 2024-09-30 11:45:17, 32.9717, -13.3866, -3.2100, 803.5423, 8.3201, 0.0000, 5.0213, 9.7178, 11:31:00
816, 2024-09-30 11:46:17, 32.9222, -12.9368, -3.2103, 803.5423, 8.3183, 0.0000, 5.0291, 9.7204, 11:32:00
816, 2024-09-30 11:47:17, 32.8744, -12.4858, -3.2106, 803.5423, 8.3165, 0.0000, 5.0369, 9.7229, 11:33:00
816, 2024-09-30 11:48:17, 32.8282, -12.0336, -3.2108, 803.5423, 8.3148, 0.0000, 5.0447, 9.7255, 11:34:00
816, 2024-09-30 11:49:17, 32.7838, -11.5802, -3.2111, 803.5423, 8.3131, 0.0000, 5.0524, 9.7281, 11:35:00
816, 2024-09-30 11:50:17, 32.7410, -11.1258, -3.2114, 803.5423, 8.3115, 0.0000, 5.0602, 9.7307, 11:36:00
816, 2024-09-30 11:51:17, 32.7000, -10.6703, -3.2116, 803.5423, 8.3099, 0.0000, 5.0679, 9.7333, 11:37:00
816, 2024-09-30 11:52:17, 32.6606, -10.2138, -3.2119, 803.5423, 8.3083, 0.0000, 5.0755, 9.7360, 11:38:00
816, 2024-09-30 11:53:17, 32.6230, -9.7564, -3.2122, 803.5423, 8.3067, 0.0000, 5.0832, 9.7386, 11:39:00
816, 2024-09-30 11:54:17, 32.5871, -9.2980, -3.2124, 803.5423, 8.3052, 0.0000, 5.0908, 9.7413, 11:40:00
816, 2024-09-30 11:55:17, 32.5529, -8.8387, -3.2127, 803.5423, 8.3038, 0.0000, 5.0984, 9.7440, 11:41:00
816, 2024-09-30 11:56:17, 32.5204, -8.3785, -3.2130, 803.5423, 8.3023, 0.0000, 5.1060, 9.7468, 11:42:00
816, 2024-09-30 11:57:17, 32.4897, -7.9176, -3.2133, 803.5423, 8.3009, 0.0000, 5.1135, 9.7495, 11:43:00
816, 2024-09-30 11:58:17, 32.4608, -7.4559, -3.2135, 803.5423, 8.2996, 0.0000, 5.1210, 9.7523, 11:44:00
816, 2024-09-30 11:59:17, 32.4335, -6.9934, -3.2138, 803.5423, 8.2982, 0.0000, 5.1285, 9.7551, 11:45:00
816, 2024-09-30 12:00:17, 32.4081, -6.5303, -3.2141, 803.5423, 8.2969, 0.0000, 5.1359, 9.7579, 11:46:00
816, 2024-09-30 12:01:17, 32.3844, -6.0665, -3.2143, 803.5423, 8.2957, 0.0000, 5.1433, 9.7607, 11:47:00
816, 2024-09-30 12:02:17, 32.3624, -5.6021, -3.2146, 803.5423, 8.2945, 0.0000, 5.1507, 9.7636, 11:48:00
816, 2024-09-30 12:03:17, 32.3422, -5.1372, -3.2149, 803.5423, 8.2933, 0.0000, 5.1580, 9.7664, 11:49:00
816, 2024-09-30 12:04:17, 32.3238, -4.6718, -3.2151, 803.5423, 8.2921, 0.0000, 5.1653, 9.7693, 11:50:00
816, 2024-09-30 12:05:17, 32.3072, -4.2059, -3.2154, 803.5423, 8.2910, 0.0000, 5.1726, 9.7722, 11:51:00
816, 2024-09-30 12:06:17, 32.2923, -3.7397, -3.2157, 803.5423, 8.2899, 0.0000, 5.1798, 9.7751, 11:52:00
816, 2024-09-30 12:07:17, 32.2792, -3.2730, -3.2159, 803.5423, 8.2889, 0.0000, 5.1870, 9.7781, 11:53:00
816, 2024-09-30 12:08:17, 32.2679, -2.8060, -3.2162, 803.5423, 8.2879, 0.0000, 5.1941, 9.7810, 11:54:00
816, 2024-09-30 12:09:17, 32.2583, -2.3388, -3.2165, 803.5423, 8.2869, 0.0000, 5.2013, 9.7840, 11:55:00
816, 2024-09-30 12:10:17, 32.2506, -1.8713, -3.2168, 803.5423, 8.2860, 0.0000, 5.2083, 9.7869, 11:56:00
816, 2024-09-30 12:11:17, 32.2446, -1.4037, -3.2170, 803.5423, 8.2851, 0.0000, 5.2154, 9.7899, 11:57:00
816, 2024-09-30 12:12:17, 32.2404, -0.9359, -3.2173, 803.5423, 8.2842, 0.0000, 5.2224, 9.7929, 11:58:00
816, 2024-09-30 12:13:17, 32.2380, -0.4680, -3.2176, 803.5423, 8.2834, 0.0000, 5.2293, 9.7959, 11:59:00
816, 2024-09-30 12:14:17, 32.2374, -0.0001, -3.2178, 803.5423, 8.2826, 0.0000, 5.2362, 9.7990, 12:00:00
816, 2024-09-30 12:15:17, 32.2385, 0.4678, -3.2181, 803.5423, 8.2818, 0.0000, 5.2431, 9.8020, 12:01:00
816, 2024-09-30 12:16:17, 32.2415, 0.9357, -3.2184, 803.5423, 8.2811, 0.0000, 5.2500, 9.8050, 12:02:00
816, 2024-09-30 12:17:17, 32.2462, 1.4034, -3.2186, 803.5423, 8.2804, 0.0000, 5.2567, 9.8081, 12:03:00
816, 2024-09-30 12:18:17, 32.2527, 1.8711, -3.2189, 803.5423, 8.2798, 0.0000, 5.2635, 9.8112, 12:04:00
816, 2024-09-30 12:19:17, 32.2610, 2.3385, -3.2192, 803.5423, 8.2792, 0.0000, 5.2702, 9.8143, 12:05:00
816, 2024-09-30 12:20:17, 32.2711, 2.8056, -3.2195, 803.5423, 8.2786, 0.0000, 5.2769, 9.8174, 12:06:00
816, 2024-09-30 12:21:17, 32.2829, 3.2725, -3.2197, 803.5423, 8.2781, 0.0000, 5.2835, 9.8205, 12:07:00
816, 2024-09-30 12:22:17, 32.2966, 3.7391, -3.2200, 803.5423, 8.2776, 0.0000, 5.2900, 9.8236, 12:08:00
816, 2024-09-30 12:23:17, 32.3120, 4.2052, -3.2203, 803.5423, 8.2771, 0.0000, 5.2965, 9.8267, 12:09:00
816, 2024-09-30 12:24:17, 32.3292, 4.6710, -3.2205, 803.5423, 8.2767, 0.0000, 5.3030, 9.8298, 12:10:00
816, 2024-09-30 12:25:17, 32.3481, 5.1362, -3.2208, 803.5423, 8.2763, 0.0000, 5.3094, 9.8330, 12:11:00
816, 2024-09-30 12:26:17, 32.3688, 5.6010, -3.2211, 803.5423, 8.2759, 0.0000, 5.3158, 9.8361, 12:12:00
816, 2024-09-30 12:27:17, 32.3913, 6.0652, -3.2213, 803.5423, 8.2756, 0.0000, 5.3221, 9.8393, 12:13:00
816, 2024-09-30 12:28:17, 32.4156, 6.5287, -3.2216, 803.5423, 8.2753, 0.0000, 5.3284, 9.8424, 12:14:00
816, 2024-09-30 12:29:17, 32.4416, 6.9917, -3.2219, 803.5423, 8.2751, 0.0000, 5.3346, 9.8456, 12:15:00
816, 2024-09-30 12:30:17, 32.4693, 7.4539, -3.2221, 803.5423, 8.2749, 0.0000, 5.3408, 9.8488, 12:16:00
816, 2024-09-30 12:31:17, 32.4988, 7.9154, -3.2224, 803.5423, 8.2747, 0.0000, 5.3469, 9.8519, 12:17:00
816, 2024-09-30 12:32:17, 32.5300, 8.3761, -3.2227, 803.5423, 8.2746, 0.0000, 5.3530, 9.8551, 12:18:00
816, 2024-09-30 12:33:17, 32.5630, 8.8360, -3.2230, 803.5423, 8.2745, 0.0000, 5.3590, 9.8583, 12:19:00
816, 2024-09-30 12:34:17, 32.5977, 9.2950, -3.2232, 803.5423, 8.2744, 0.0000, 5.3650, 9.8615, 12:20:00
816, 2024-09-30 12:35:17, 32.6341, 9.7531, -3.2235, 803.5423, 8.2744, 0.0000, 5.3709, 9.8647, 12:21:00
816, 2024-09-30 12:36:17, 32.6723, 10.2103, -3.2238, 803.5423, 8.2744, 0.0000, 5.3767, 9.8679, 12:22:00
816, 2024-09-30 12:37:17, 32.7122, 10.6665, -3.2240, 803.5423, 8.2745, 0.0000, 5.3825, 9.8711, 12:23:00
816, 2024-09-30 12:38:17, 32.7537, 11.1216, -3.2243, 803.5423, 8.2746, 0.0000, 5.3883, 9.8743, 12:24:00
816, 2024-09-30 12:39:17, 32.7970, 11.5757, -3.2246, 803.5423, 8.2747, 0.0000, 5.3939, 9.8775, 12:25:00
816, 2024-09-30 12:40:17, 32.8420, 12.0287, -3.2248, 803.5423, 8.2748, 0.0000, 5.3996, 9.8807, 12:26:00
816, 2024-09-30 12:41:17, 32.8886, 12.4806, -3.2251, 803.5423, 8.2750, 0.0000, 5.4051, 9.8839, 12:27:00
816, 2024-09-30 12:42:17, 32.9370, 12.9312, -3.2254, 803.5423, 8.2753, 0.0000, 5.4106, 9.8871, 12:28:00
816, 2024-09-30 12:43:17, 32.9870, 13.3807, -3.2256, 803.5423, 8.2755, 0.0000, 5.4161, 9.8903, 12:29:00
816, 2024-09-30 12:44:17, 33.0387, 13.8289, -3.2259, 803.5423, 8.2758, 0.0000, 5.4215, 9.8935, 12:30:00
816, 2024-09-30 12:45:17, 33.0920, 14.2758, -3.2262, 803.5423, 8.2762, 0.0000, 5.4268, 9.8967, 12:31:00
816, 2024-09-30 12:46:17, 33.1470, 14.7214, -3.2265, 803.5423, 8.2766, 0.0000, 5.4321, 9.8999, 12:32:00
816, 2024-09-30 12:47:17, 33.2036, 15.1656, -3.2267, 803.5423, 8.2770, 0.0000, 5.4373, 9.9031, 12:33:00
816, 2024-09-30 12:48:17, 33.2619, 15.6085, -3.2270, 803.5423, 8.2774, 0.0000, 5.4424, 9.9063, 12:34:00
816, 2024-09-30 12:49:17, 33.3217, 16.0499, -3.2273, 803.5423, 8.2779, 0.0000, 5.4475, 9.9095, 12:35:00
816, 2024-09-30 12:50:17, 33.3832, 16.4899, -3.2275, 803.5423, 8.2784, 0.0000, 5.4525, 9.9127, 12:36:00
816, 2024-09-30 12:51:17, 33.4463, 16.9284, -3.2278, 803.5423, 8.2790, 0.0000, 5.4575, 9.9159, 12:37:00
816, 2024-09-30 12:52:17, 33.5110, 17.3655, -3.2281, 803.5423, 8.2796, 0.0000, 5.4624, 9.9191, 12:38:00
816, 2024-09-30 12:53:17, 33.5773, 17.8009, -3.2283, 803.5423, 8.2802, 0.0000, 5.4672, 9.9223, 12:39:00
816, 2024-09-30 12:54:17, 33.6452, 18.2348, -3.2286, 803.5423, 8.2809, 0.0000, 5.4720, 9.9255, 12:40:00
816, 2024-09-30 12:55:17, 33.7146, 18.6672, -3.2289, 803.5423, 8.2816, 0.0000, 5.4767, 9.9287, 12:41:00
816, 2024-09-30 12:56:17, 33.7856, 19.0979, -3.2291, 803.5423, 8.2823, 0.0000, 5.4813, 9.9318, 12:42:00
816, 2024-09-30 12:57:17, 33.8581, 19.5269, -3.2294, 803.5423, 8.2831, 0.0000, 5.4859, 9.9350, 12:43:00
816, 2024-09-30 12:58:17, 33.9322, 19.9543, -3.2297, 803.5423, 8.2839, 0.0000, 5.4904, 9.9382, 12:44:00
816, 2024-09-30 12:59:17, 34.0078, 20.3800, -3.2300, 803.5423, 8.2847, 0.0000, 5.4948, 9.9413, 12:45:00
816, 2024-09-30 13:00:17, 34.0850, 20.8040, -3.2302, 803.5423, 8.2856, 0.0000, 5.4992, 9.9445, 12:46:00
816, 2024-09-30 13:01:17, 34.1636, 21.2263, -3.2305, 803.5423, 8.2865, 0.0000, 5.5035, 9.9476, 12:47:00
816, 2024-09-30 13:02:17, 34.2437, 21.6468, -3.2308, 803.5423, 8.2875, 0.0000, 5.5077, 9.9507, 12:48:00
816, 2024-09-30 13:03:17, 34.3254, 22.0655, -3.2310, 803.5423, 8.2884, 0.0000, 5.5119, 9.9538, 12:49:00
816, 2024-09-30 13:04:17, 34.4085, 22.4825, -3.2313, 803.5423, 8.2895, 0.0000, 5.5159, 9.9569, 12:50:00
816, 2024-09-30 13:05:17, 34.4930, 22.8976, -3.2316, 803.5423, 8.2905, 0.0000, 5.5200, 9.9601, 12:51:00
816, 2024-09-30 13:06:17, 34.5790, 23.3109, -3.2318, 803.5423, 8.2916, 0.0000, 5.5239, 9.9631, 12:52:00
816, 2024-09-30 13:07:17, 34.6665, 23.7223, -3.2321, 803.5423, 8.2927, 0.0000, 5.5278, 9.9662, 12:53:00
816, 2024-09-30 13:08:17, 34.7554, 24.1319, -3.2324, 803.5423, 8.2939, 0.0000, 5.5316, 9.9693, 12:54:00
816, 2024-09-30 13:09:17, 34.8457, 24.5396, -3.2326, 803.5423, 8.2951, 0.0000, 5.5353, 9.9724, 12:55:00
816, 2024-09-30 13:10:17, 34.9374, 24.9454, -3.2329, 803.5423, 8.2963, 0.0000, 5.5390, 9.9754, 12:56:00
816, 2024-09-30 13:11:17, 35.0306, 25.3493, -3.2332, 803.5423, 8.2976, 0.0000, 5.5425, 9.9784, 12:57:00
816, 2024-09-30 13:12:17, 35.1251, 25.7513, -3.2335, 803.5423, 8.2989, 0.0000, 5.5460, 9.9815, 12:58:00
816, 2024-09-30 13:13:17, 35.2210, 26.1513, -3.2337, 803.5423, 8.3002, 0.0000, 5.5495, 9.9845, 12:59:00
816, 2024-09-30 13:14:17, 35.3182, 26.5494, -3.2340, 803.5423, 8.3016, 0.0000, 5.5528, 9.9875, 13:00:00
816, 2024-09-30 13:15:17, 35.4168, 26.9455, -3.2343, 803.5423, 8.3030, 0.0000, 5.5561, 9.9905, 13:01:00
816, 2024-09-30 13:16:17, 35.5168, 27.3397, -3.2345, 803.5423, 8.3044, 0.0000, 5.5593, 9.9935, 13:02:00
816, 2024-09-30 13:17:17, 35.6181, 27.7318, -3.2348, 803.5423, 8.3059, 0.0000, 5.5624, 9.9964, 13:03:00
816, 2024-09-30 13:18:17, 35.7207, 28.1220, -3.2351, 803.5423, 8.3074, 0.0000, 5.5655, 9.9994, 13:04:00
816, 2024-09-30 13:19:17, 35.8246, 28.5102, -3.2353, 803.5423, 8.3089, 0.0000, 5.5685, 10.0023, 13:05:00
816, 2024-09-30 13:20:17, 35.9298, 28.8964, -3.2356, 803.5423, 8.3105, 0.0000, 5.5714, 10.0052, 13:06:00
816, 2024-09-30 13:21:17, 36.0363, 29.2806, -3.2359, 803.5423, 8.3121, 0.0000, 5.5742, 10.0081, 13:07:00
816, 2024-09-30 13:22:17, 36.1441, 29.6628, -3.2362, 803.5423, 8.3137, 0.0000, 5.5769, 10.0110, 13:08:00
816, 2024-09-30 13:23:17, 36.2531, 30.0430, -3.2364, 803.5423, 8.3154, 0.0000, 5.5796, 10.0139, 13:09:00
816, 2024-09-30 13:24:17, 36.3634, 30.4211, -3.2367, 803.5423, 8.3171, 0.0000, 5.5822, 10.0167, 13:10:00
816, 2024-09-30 13:25:17, 36.4750, 30.7972, -3.2370, 803.5423, 8.3188, 0.0000, 5.5847, 10.0195, 13:11:00
816, 2024-09-30 13:26:17, 36.5877, 31.1712, -3.2372, 803.5423, 8.3206, 0.0000, 5.5871, 10.0224, 13:12:00
816, 2024-09-30 13:27:17, 36.7017, 31.5433, -3.2375, 803.5423, 8.3224, 0.0000, 5.5894, 10.0251, 13:13:00
816, 2024-09-30 13:28:17, 36.8169, 31.9133, -3.2378, 803.5423, 8.3242, 0.0000, 5.5917, 10.0279, 13:14:00
816, 2024-09-30 13:29:17, 36.9332, 32.2812, -3.2380, 803.5423, 8.3261, 0.0000, 5.5939, 10.0307, 13:15:00
816, 2024-09-30 13:30:17, 37.0508, 32.6471, -3.2383, 803.5423, 8.3280, 0.0000, 5.5960, 10.0334, 13:16:00
816, 2024-09-30 13:31:17, 37.1695, 33.0110, -3.2386, 803.5423, 8.3299, 0.0000, 5.5980, 10.0362, 13:17:00
816, 2024-09-30 13:32:17, 37.2894, 33.3728, -3.2388, 803.5423, 8.3318, 0.0000, 5.5999, 10.0389, 13:18:00
816, 2024-09-30 13:33:17, 37.4104, 33.7326, -3.2391, 803.5423, 8.3338, 0.0000, 5.6018, 10.0415, 13:19:00
816, 2024-09-30 13:34:17, 37.5326, 34.0904, -3.2394, 803.5423, 8.3359, 0.0000, 5.6035, 10.0442, 13:20:00
816, 2024-09-30 13:35:17, 37.6559, 34.4461, -3.2397, 803.5423, 8.3379, 0.0000, 5.6052, 10.0468, 13:21:00
816, 2024-09-30 13:36:17, 37.7803, 34.7998, -3.2399, 803.5423, 8.3400, 0.0000, 5.6068, 10.0495, 13:22:00
816, 2024-09-30 13:37:17, 37.9058, 35.1514, -3.2402, 803.5423, 8.3421, 0.0000, 5.6083, 10.0521, 13:23:00
816, 2024-09-30 13:38:17, 38.0324, 35.5010, -3.2405, 803.5423, 8.3442, 0.0000, 5.6097, 10.0546, 13:24:00
816, 2024-09-30 13:39:17, 38.1601, 35.8486, -3.2407, 803.5423, 8.3464, 0.0000, 5.6111, 10.0572, 13:25:00
816, 2024-09-30 13:40:17, 38.2889, 36.1941, -3.2410, 803.5423, 8.3486, 0.0000, 5.6123, 10.0597, 13:26:00
816, 2024-09-30 13:41:17, 38.4187, 36.5377, -3.2413, 803.5423, 8.3509, 0.0000, 5.6135, 10.0622, 13:27:00
816, 2024-09-30 13:42:17, 38.5496, 36.8792, -3.2415, 803.5423, 8.3531, 0.0000, 5.6146, 10.0647, 13:28:00
816, 2024-09-30 13:43:17, 38.6815, 37.2187, -3.2418, 803.5423, 8.3554, 0.0000, 5.6156, 10.0672, 13:29:00
816, 2024-09-30 13:44:17, 38.8144, 37.5562, -3.2421, 803.5423, 8.3578, 0.0000, 5.6165, 10.0696, 13:30:00
816, 2024-09-30 13:45:17, 38.9483, 37.8917, -3.2423, 803.5423, 8.3601, 0.0000, 5.6173, 10.0720, 13:31:00
816, 2024-09-30 13:46:17, 39.0833, 38.2252, -3.2426, 803.5423, 8.3625, 0.0000, 5.6181, 10.0744, 13:32:00
816, 2024-09-30 13:47:17, 39.2193, 38.5567, -3.2429, 803.5423, 8.3649, 0.0000, 5.6187, 10.0768, 13:33:00
816, 2024-09-30 13:48:17, 39.3562, 38.8862, -3.2432, 803.5423, 8.3673, 0.0000, 5.6193, 10.0791, 13:34:00
816, 2024-09-30 13:49:17, 39.4941, 39.2137, -3.2434, 803.5423, 8.3698, 0.0000, 5.6197, 10.0814, 13:35:00
816, 2024-09-30 13:50:17, 39.6330, 39.5393, -3.2437, 803.5423, 8.3723, 0.0000, 5.6201, 10.0837, 13:36:00
816, 2024-09-30 13:51:17, 39.7728, 39.8629, -3.2440, 803.5423, 8.3748, 0.0000, 5.6204, 10.0860, 13:37:00
816, 2024-09-30 13:52:17, 39.9136, 40.1846, -3.2442, 803.5423, 8.3774, 0.0000, 5.6206, 10.0882, 13:38:00
816, 2024-09-30 13:53:17, 40.0553, 40.5043, -3.2445, 803.5423, 8.3800, 0.0000, 5.6207, 10.0904, 13:39:00
816, 2024-09-30 13:54:17, 40.1979, 40.8221, -3.2448, 803.5423, 8.3826, 0.0000, 5.6207, 10.0926, 13:40:00
816, 2024-09-30 13:55:17, 40.3415, 41.1380, -3.2450, 803.5423, 8.3852, 0.0000, 5.6207, 10.0947, 13:41:00
816, 2024-09-30 13:56:17, 40.4859, 41.4519, -3.2453, 803.5423, 8.3879, 0.0000, 5.6205, 10.0969, 13:42:00
816, 2024-09-30 13:57:17, 40.6312, 41.7640, -3.2456, 803.5423, 8.3906, 0.0000, 5.6203, 10.0990, 13:43:00
816, 2024-09-30 13:58:17, 40.7775, 42.0741, -3.2458, 803.5423, 8.3933, 0.0000, 5.6199, 10.1010, 13:44:00
816, 2024-09-30 13:59:17, 40.9246, 42.3823, -3.2461, 803.5423, 8.3960, 0.0000, 5.6195, 10.1031, 13:45:00
816, 2024-09-30 14:00:17, 41.0725, 42.6887, -3.2464, 803.5423, 8.3988, 0.0000, 5.6190, 10.1051, 13:46:00
816, 2024-09-30 14:01:17, 41.2214, 42.9932, -3.2467, 803.5423, 8.4016, 0.0000, 5.6183, 10.1070, 13:47:00
816, 2024-09-30 14:02:17, 41.3710, 43.2958, -3.2469, 803.5423, 8.4044, 0.0000, 5.6176, 10.1090, 13:48:00
816, 2024-09-30 14:03:17, 41.5215, 43.5966, -3.2472, 803.5423, 8.4073, 0.0000, 5.6168, 10.1109, 13:49:00
816, 2024-09-30 14:04:17, 41.6729, 43.8955, -3.2475, 803.5423, 8.4101, 0.0000, 5.6159, 10.1128, 13:50:00
816, 2024-09-30 14:05:17, 41.8250, 44.1926, -3.2477, 803.5423, 8.4130, 0.0000, 5.6149, 10.1147, 13:51:00
816, 2024-09-30 14:06:17, 41.9780, 44.4879, -3.2480, 803.5423, 8.4159, 0.0000, 5.6138, 10.1165, 13:52:00
816, 2024-09-30 14:07:17, 42.1317, 44.7814, -3.2483, 803.5423, 8.4189, 0.0000, 5.6127, 10.1183, 13:53:00
816, 2024-09-30 14:08:17, 42.2863, 45.0731, -3.2485, 803.5423, 8.4219, 0.0000, 5.6114, 10.1201, 13:54:00
816, 2024-09-30 14:09:17, 42.4416, 45.3630, -3.2488, 803.5423, 8.4249, 0.0000, 5.6100, 10.1218, 13:55:00
816, 2024-09-30 14:10:17, 42.5977, 45.6511, -3.2491, 803.5423, 8.4279, 0.0000, 5.6086, 10.1235, 13:56:00
816, 2024-09-30 14:11:17, 42.7546, 45.9375, -3.2493, 803.5423, 8.4309, 0.0000, 5.6070, 10.1252, 13:57:00
816, 2024-09-30 14:12:17, 42.9122, 46.2221, -3.2496, 803.5423, 8.4340, 0.0000, 5.6054, 10.1268, 13:58:00
816, 2024-09-30 14:13:17, 43.0706, 46.5049, -3.2499, 803.5423, 8.4371, 0.0000, 5.6036, 10.1284, 13:59:00
816, 2024-09-30 14:14:17, 43.2297, 46.7861, -3.2502, 803.5423, 8.4402, 0.0000, 5.6018, 10.1300, 14:00:00
816, 2024-09-30 14:15:17, 43.3895, 47.0655, -3.2504, 803.5423, 8.4433, 0.0000, 5.5999, 10.1315, 14:01:00
816, 2024-09-30 14:16:17, 43.5501, 47.3432, -3.2507, 803.5423, 8.4464, 0.0000, 5.5978, 10.1330, 14:02:00
816, 2024-09-30 14:17:17, 43.7114, 47.6192, -3.2510, 803.5423, 8.4496, 0.0000, 5.5957, 10.1345, 14:03:00
816, 2024-09-30 14:18:17, 43.8733, 47.8935, -3.2512, 803.5423, 8.4528, 0.0000, 5.5935, 10.1359, 14:04:00
816, 2024-09-30 14:19:17, 44.0360, 48.1662, -3.2515, 803.5423, 8.4560, 0.0000, 5.5911, 10.1373, 14:05:00
816, 2024-09-30 14:20:17, 44.1994, 48.4372, -3.2518, 803.5423, 8.4593, 0.0000, 5.5887, 10.1387, 14:06:00
816, 2024-09-30 14:21:17, 44.3635, 48.7066, -3.2520, 803.5423, 8.4625, 0.0000, 5.5862, 10.1400, 14:07:00
816, 2024-09-30 14:22:17, 44.5282, 48.9743, -3.2523, 803.5423, 8.4658, 0.0000, 5.5836, 10.1413, 14:08:00
816, 2024-09-30 14:23:17, 44.6936, 49.2404, -3.2526, 803.5423, 8.4691, 0.0000, 5.5809, 10.1426, 14:09:00
816, 2024-09-30 14:24:17, 44.8596, 49.5049, -3.2528, 803.5423, 8.4724, 0.0000, 5.5781, 10.1438, 14:10:00
816, 2024-09-30 14:25:17, 45.0264, 49.7678, -3.2531, 803.5423, 8.4758, 0.0000, 5.5752, 10.1450, 14:11:00
816, 2024-09-30 14:26:17, 45.1937, 50.0291, -3.2534, 803.5423, 8.4791, 0.0000, 5.5722, 10.1462, 14:12:00
816, 2024-09-30 14:27:17, 45.3617, 50.2888, -3.2537, 803.5423, 8.4825, 0.0000, 5.5691, 10.1473, 14:13:00
816, 2024-09-30 14:28:17, 45.5303, 50.5470, -3.2539, 803.5423, 8.4859, 0.0000, 5.5659, 10.1484, 14:14:00
816, 2024-09-30 14:29:17, 45.6996, 50.8036, -3.2542, 803.5423, 8.4893, 0.0000, 5.5626, 10.1494, 14:15:00
816, 2024-09-30 14:30:17, 45.8694, 51.0587, -3.2545, 803.5423, 8.4927, 0.0000, 5.5592, 10.1504, 14:16:00
816, 2024-09-30 14:31:17, 46.0399, 51.3123, -3.2547, 803.5423, 8.4962, 0.0000, 5.5557, 10.1514, 14:17:00
816, 2024-09-30 14:32:17, 46.2110, 51.5644, -3.2550, 803.5423, 8.4996, 0.0000, 5.5521, 10.1523, 14:18:00
816, 2024-09-30 14:33:17, 46.3826, 51.8149, -3.2553, 803.5423, 8.5031, 0.0000, 5.5484, 10.1532, 14:19:00
816, 2024-09-30 14:34:17, 46.5549, 52.0640, -3.2555, 803.5423, 8.5066, 0.0000, 5.5446, 10.1541, 14:20:00
816, 2024-09-30 14:35:17, 46.7277, 52.3116, -3.2558, 803.5423, 8.5101, 0.0000, 5.5408, 10.1549, 14:21:00
816, 2024-09-30 14:36:17, 46.9011, 52.5577, -3.2561, 803.5423, 8.5136, 0.0000, 5.5368, 10.1557, 14:22:00
816, 2024-09-30 14:37:17, 47.0751, 52.8024, -3.2563, 803.5423, 8.5172, 0.0000, 5.5327, 10.1564, 14:23:00
816, 2024-09-30 14:38:17, 47.2496, 53.0456, -3.2566, 803.5423, 8.5207, 0.0000, 5.5285, 10.1571, 14:24:00
816, 2024-09-30 14:39:17, 47.4247, 53.2874, -3.2569, 803.5423, 8.5243, 0.0000, 5.5242, 10.1578, 14:25:00
816, 2024-09-30 14:40:17, 47.6004, 53.5278, -3.2572, 803.5423, 8.5279, 0.0000, 5.5198, 10.1584, 14:26:00
816, 2024-09-30 14:41:17, 47.7765, 53.7668, -3.2574, 803.5423, 8.5315, 0.0000, 5.5153, 10.1590, 14:27:00
816, 2024-09-30 14:42:17, 47.9533, 54.0044, -3.2577, 803.5423, 8.5351, 0.0000, 5.5108, 10.1595, 14:28:00
816, 2024-09-30 14:43:17, 48.1305, 54.2406, -3.2580, 803.5423, 8.5387, 0.0000, 5.5061, 10.1600, 14:29:00
816, 2024-09-30 14:44:17, 48.3083, 54.4755, -3.2582, 803.5423, 8.5424, 0.0000, 5.5013, 10.1605, 14:30:00
816, 2024-09-30 14:45:17, 48.4866, 54.7090, -3.2585, 803.5423, 8.5460, 0.0000, 5.4964, 10.1609, 14:31:00
816, 2024-09-30 14:46:17, 48.6654, 54.9412, -3.2588, 803.5423, 8.5497, 0.0000, 5.4914, 10.1613, 14:32:00
816, 2024-09-30 14:47:17, 48.8447, 55.1720, -3.2590, 803.5423, 8.5533, 0.0000, 5.4863, 10.1617, 14:33:00
816, 2024-09-30 14:48:17, 49.0245, 55.4015, -3.2593, 803.5423, 8.5570, 0.0000, 5.4811, 10.1620, 14:34:00
816, 2024-09-30 14:49:17, 49.2048, 55.6297, -3.2596, 803.5423, 8.5607, 0.0000, 5.4758, 10.1622, 14:35:00
816, 2024-09-30 14:50:17, 49.3856, 55.8566, -3.2599, 803.5423, 8.5644, 0.0000, 5.4705, 10.1625, 14:36:00
816, 2024-09-30 14:51:17, 49.5668, 56.0822, -3.2601, 803.5423, 8.5682, 0.0000, 5.4650, 10.1626, 14:37:00
816, 2024-09-30 14:52:17, 49.7486, 56.3065, -3.2604, 803.5423, 8.5719, 0.0000, 5.4594, 10.1628, 14:38:00
816, 2024-09-30 14:53:17, 49.9308, 56.5296, -3.2607, 803.5423, 8.5756, 0.0000, 5.4537, 10.1629, 14:39:00
816, 2024-09-30 14:54:17, 50.1135, 56.7514, -3.2609, 803.5423, 8.5794, 0.0000, 5.4479, 10.1629, 14:40:00
816, 2024-09-30 14:55:17, 50.2966, 56.9720, -3.2612, 803.5423, 8.5831, 0.0000, 5.4420, 10.1629, 14:41:00
816, 2024-09-30 14:56:17, 50.4803, 57.1914, -3.2615, 803.5423, 8.5869, 0.0000, 5.4360, 10.1629, 14:42:00
816, 2024-09-30 14:57:17, 50.6643, 57.4095, -3.2617, 803.5423, 8.5907, 0.0000, 5.4299, 10.1628, 14:43:00
816, 2024-09-30 14:58:17, 50.8488, 57.6265, -3.2620, 803.5423, 8.5944, 0.0000, 5.4237, 10.1627, 14:44:00
816, 2024-09-30 14:59:17, 51.0337, 57.8422, -3.2623, 803.5423, 8.5982, 0.0000, 5.4174, 10.1626, 14:45:00
816, 2024-09-30 15:00:17, 51.2191, 58.0567, -3.2625, 803.5423, 8.6020, 0.0000, 5.4110, 10.1624, 14:46:00
816, 2024-09-30 15:01:17, 51.4049, 58.2701, -3.2628, 803.5423, 8.6058, 0.0000, 5.4045, 10.1621, 14:47:00
816, 2024-09-30 15:02:17, 51.5912, 58.4824, -3.2631, 803.5423, 8.6096, 0.0000, 5.3979, 10.1618, 14:48:00
816, 2024-09-30 15:03:17, 51.7778, 58.6934, -3.2634, 803.5423, 8.6134, 0.0000, 5.3912, 10.1615, 14:49:00
816, 2024-09-30 15:04:17, 51.9649, 58.9034, -3.2636, 803.5423, 8.6172, 0.0000, 5.3844, 10.1611, 14:50:00
816, 2024-09-30 15:05:17, 52.1524, 59.1121, -3.2639, 803.5423, 8.6211, 0.0000, 5.3775, 10.1607, 14:51:00
816, 2024-09-30 15:06:17, 52.3402, 59.3198, -3.2642, 803.5423, 8.6249, 0.0000, 5.3705, 10.1602, 14:52:00
816, 2024-09-30 15:07:17, 52.5285, 59.5264, -3.2644, 803.5423, 8.6287, 0.0000, 5.3634, 10.1597, 14:53:00
816, 2024-09-30 15:08:17, 52.7172, 59.7319, -3.2647, 803.5423, 8.6325, 0.0000, 5.3561, 10.1592, 14:54:00
816, 2024-09-30 15:09:17, 52.9063, 59.9363, -3.2650, 803.5423, 8.6364, 0.0000, 5.3488, 10.1586, 14:55:00
816, 2024-09-30 15:10:17, 53.0957, 60.1396, -3.2652, 803.5423, 8.6402, 0.0000, 5.3414, 10.1580, 14:56:00
816, 2024-09-30 15:11:17, 53.2856, 60.3418, -3.2655, 803.5423, 8.6441, 0.0000, 5.3339, 10.1573, 14:57:00
816, 2024-09-30 15:12:17, 53.4758, 60.5430, -3.2658, 803.5423, 8.6479, 0.0000, 5.3263, 10.1565, 14:58:00
816, 2024-09-30 15:13:17, 53.6664, 60.7431, -3.2660, 803.5423, 8.6517, 0.0000, 5.3185, 10.1558, 14:59:00
816, 2024-09-30 15:14:17, 53.8574, 60.9422, -3.2663, 803.5423, 8.6556, 0.0000, 5.3107, 10.1549, 15:00:00
816, 2024-09-30 15:15:17, 54.0487, 61.1403, -3.2666, 803.5423, 8.6594, 0.0000, 5.3028, 10.1541, 15:01:00
816, 2024-09-30 15:16:17, 54.2404, 61.3374, -3.2669, 803.5423, 8.6633, 0.0000, 5.2948, 10.1532, 15:02:00
816, 2024-09-30 15:17:17, 54.4324, 61.5334, -3.2671, 803.5423, 8.6671, 0.0000, 5.2866, 10.1522, 15:03:00
816, 2024-09-30 15:18:17, 54.6249, 61.7285, -3.2674, 803.5423, 8.6709, 0.0000, 5.2784, 10.1512, 15:04:00
816, 2024-09-30 15:19:17, 54.8176, 61.9225, -3.2677, 803.5423, 8.6748, 0.0000, 5.2701, 10.1501, 15:05:00
816, 2024-09-30 15:20:17, 55.0107, 62.1156, -3.2679, 803.5423, 8.6786, 0.0000, 5.2616, 10.1490, 15:06:00
816, 2024-09-30 15:21:17, 55.2042, 62.3077, -3.2682, 803.5423, 8.6824, 0.0000, 5.2531, 10.1479, 15:07:00
816, 2024-09-30 15:22:17, 55.3979, 62.4989, -3.2685, 803.5423, 8.6863, 0.0000, 5.2445, 10.1467, 15:08:00
816, 2024-09-30 15:23:17, 55.5920, 62.6891, -3.2687, 803.5423, 8.6901, 0.0000, 5.2357, 10.1455, 15:09:00
816, 2024-09-30 15:24:17, 55.7865, 62.8784, -3.2690, 803.5423, 8.6939, 0.0000, 5.2269, 10.1442, 15:10:00
816, 2024-09-30 15:25:17, 55.9813, 63.0667, -3.2693, 803.5423, 8.6977, 0.0000, 5.2179, 10.1429, 15:11:00
816, 2024-09-30 15:26:17, 56.1764, 63.2541, -3.2695, 803.5423, 8.7016, 0.0000, 5.2089, 10.1415, 15:12:00
816, 2024-09-30 15:27:17, 56.3718, 63.4406, -3.2698, 803.5423, 8.7054, 0.0000, 5.1997, 10.1401, 15:13:00
816, 2024-09-30 15:28:17, 56.5675, 63.6262, -3.2701, 803.5423, 8.7092, 0.0000, 5.1905, 10.1386, 15:14:00
816, 2024-09-30 15:29:17, 56.7635, 63.8109, -3.2704, 803.5423, 8.7130, 0.0000, 5.1811, 10.1371, 15:15:00
816, 2024-09-30 15:30:17, 56.9599, 63.9948, -3.2706, 803.5423, 8.7167, 0.0000, 5.1717, 10.1355, 15:16:00
816, 2024-09-30 15:31:17, 57.1565, 64.1777, -3.2709, 803.5423, 8.7205, 0.0000, 5.1621, 10.1339, 15:17:00
816, 2024-09-30 15:32:17, 57.3535, 64.3598, -3.2712, 803.5423, 8.7243, 0.0000, 5.1525, 10.1322, 15:18:00
816, 2024-09-30 15:33:17, 57.5507, 64.5410, -3.2714, 803.5423, 8.7281, 0.0000, 5.1427, 10.1305, 15:19:00
816, 2024-09-30 15:34:17, 57.7483, 64.7214, -3.2717, 803.5423, 8.7318, 0.0000, 5.1329, 10.1287, 15:20:00
816, 2024-09-30 15:35:17, 57.9461, 64.9009, -3.2720, 803.5423, 8.7356, 0.0000, 5.1229, 10.1269, 15:21:00
816, 2024-09-30 15:36:17, 58.1442, 65.0796, -3.2722, 803.5423, 8.7393, 0.0000, 5.1129, 10.1251, 15:22:00
816, 2024-09-30 15:37:17, 58.3426, 65.2575, -3.2725, 803.5423, 8.7430, 0.0000, 5.1027, 10.1232, 15:23:00
816, 2024-09-30 15:38:17, 58.5413, 65.4345, -3.2728, 803.5423, 8.7467, 0.0000, 5.0925, 10.1212, 15:24:00
816, 2024-09-30 15:39:17, 58.7403, 65.6108, -3.2730, 803.5423, 8.7505, 0.0000, 5.0821, 10.1192, 15:25:00
816, 2024-09-30 15:40:17, 58.9395, 65.7862, -3.2733, 803.5423, 8.7541, 0.0000, 5.0716, 10.1171, 15:26:00
816, 2024-09-30 15:41:17, 59.1390, 65.9609, -3.2736, 803.5423, 8.7578, 0.0000, 5.0611, 10.1150, 15:27:00
816, 2024-09-30 15:42:17, 59.3388, 66.1347, -3.2739, 803.5423, 8.7615, 0.0000, 5.0504, 10.1129, 15:28:00
816, 2024-09-30 15:43:17, 59.5388, 66.3078, -3.2741, 803.5423, 8.7651, 0.0000, 5.0397, 10.1107, 15:29:00
816, 2024-09-30 15:44:17, 59.7391, 66.4801, -3.2744, 803.5423, 8.7688, 0.0000, 5.0288, 10.1084, 15:30:00
816, 2024-09-30 15:45:17, 59.9397, 66.6517, -3.2747, 803.5423, 8.7724, 0.0000, 5.0178, 10.1061, 15:31:00
816, 2024-09-30 15:46:17, 60.1405, 66.8225, -3.2749, 803.5423, 8.7760, 0.0000, 5.0068, 10.1038, 15:32:00
816, 2024-09-30 15:47:17, 60.3416, 66.9926, -3.2752, 803.5423, 8.7796, 0.0000, 4.9956, 10.1014, 15:33:00
816, 2024-09-30 15:48:17, 60.5429, 67.1619, -3.2755, 803.5423, 8.7832, 0.0000, 4.9843, 10.0989, 15:34:00
816, 2024-09-30 15:49:17, 60.7444, 67.3305, -3.2757, 803.5423, 8.7867, 0.0000, 4.9730, 10.0964, 15:35:00
816, 2024-09-30 15:50:17, 60.9462, 67.4984, -3.2760, 803.5423, 8.7903, 0.0000, 4.9615, 10.0939, 15:36:00
816, 2024-09-30 15:51:17, 61.1483, 67.6656, -3.2763, 803.5423, 8.7938, 0.0000, 4.9500, 10.0912, 15:37:00
816, 2024-09-30 15:52:17, 61.3506, 67.8320, -3.2765, 803.5423, 8.7973, 0.0000, 4.9383, 10.0886, 15:38:00
816, 2024-09-30 15:53:17, 61.5531, 67.9978, -3.2768, 803.5423, 8.8008, 0.0000, 4.9265, 10.0859, 15:39:00
816, 2024-09-30 15:54:17, 61.7559, 68.1629, -3.2771, 803.5423, 8.8043, 0.0000, 4.9147, 10.0831, 15:40:00
816, 2024-09-30 15:55:17, 61.9588, 68.3272, -3.2774, 803.5423, 8.8077, 0.0000, 4.9027, 10.0803, 15:41:00
816, 2024-09-30 15:56:17, 62.1621, 68.4910, -3.2776, 803.5423, 8.8112, 0.0000, 4.8907, 10.0775, 15:42:00
816, 2024-09-30 15:57:17, 62.3655, 68.6540, -3.2779, 803.5423, 8.8146, 0.0000, 4.8785, 10.0745, 15:43:00
816, 2024-09-30 15:58:17, 62.5692, 68.8164, -3.2782, 803.5423, 8.8179, 0.0000, 4.8663, 10.0716, 15:44:00
816, 2024-09-30 15:59:17, 62.7730, 68.9781, -3.2784, 803.5423, 8.8213, 0.0000, 4.8539, 10.0686, 15:45:00
816, 2024-09-30 16:00:17, 62.9771, 69.1392, -3.2787, 803.5423, 8.8246, 0.0000, 4.8415, 10.0655, 15:46:00
816, 2024-09-30 16:01:17, 63.1814, 69.2996, -3.2790, 803.5423, 8.8280, 0.0000, 4.8289, 10.0624, 15:47:00
816, 2024-09-30 16:02:17, 63.3860, 69.4594, -3.2792, 803.5423, 8.8313, 0.0000, 4.8163, 10.0592, 15:48:00
816, 2024-09-30 16:03:17, 63.5907, 69.6186, -3.2795, 803.5423, 8.8345, 0.0000, 4.8035, 10.0560, 15:49:00
816, 2024-09-30 16:04:17, 63.7956, 69.7771, -3.2798, 803.5423, 8.8378, 0.0000, 4.7907, 10.0527, 15:50:00
816, 2024-09-30 16:05:17, 64.0008, 69.9350, -3.2800, 803.5423, 8.8410, 0.0000, 4.7778, 10.0494, 15:51:00
816, 2024-09-30 16:06:17, 64.2061, 70.0924, -3.2803, 803.5423, 8.8442, 0.0000, 4.7647, 10.0460, 15:52:00
816, 2024-09-30 16:07:17, 64.4117, 70.2491, -3.2806, 803.5423, 8.8473, 0.0000, 4.7516, 10.0426, 15:53:00
816, 2024-09-30 16:08:17, 64.6174, 70.4052, -3.2809, 803.5423, 8.8505, 0.0000, 4.7384, 10.0391, 15:54:00
816, 2024-09-30 16:09:17, 64.8233, 70.5608, -3.2811, 803.5423, 8.8536, 0.0000, 4.7250, 10.0355, 15:55:00
816, 2024-09-30 16:10:17, 65.0295, 70.7157, -3.2814, 803.5423, 8.8567, 0.0000, 4.7116, 10.0319, 15:56:00
816, 2024-09-30 16:11:17, 65.2358, 70.8701, -3.2817, 803.5423, 8.8597, 0.0000, 4.6981, 10.0283, 15:57:00
816, 2024-09-30 16:12:17, 65.4423, 71.0239, -3.2819, 803.5423, 8.8627, 0.0000, 4.6845, 10.0246, 15:58:00
816, 2024-09-30 16:13:17, 65.6490, 71.1772, -3.2822, 803.5423, 8.8657, 0.0000, 4.6708, 10.0208, 15:59:00
