25003.60	50419.50	50325.00	-264.00	-264.00	-264.00	-264.00	-264.00	-3461.15	47308.90	46827.40	46600.20	46437.00	46370.20	46549.20	46931.90	47648.30	49320.20	50107.90	50135.80	50055.40	50075.60	50044.80	50007.00
49997.10	49926.90	26045.00	-264.00	-264.00	-264.00	-264.00	-264.00	-3482.41	47335.50	46859.90	46566.20	46390.70	46448.20	46621.30	46993.10	47620.70	49347.40	50125.40	50106.40	50027.50	50003.20	50019.90	49985.00
49979.90	49919.10	46105.30	-264.00	-264.00	-264.00	-264.00	-264.00	-3463.07	47308.70	46831.00	46591.70	46420.50	46348.20	46516.80	46900.90	47623.40	49285.80	50073.90	50101.90	50079.90	49997.50	50013.10	50015.80
50002.50	49936.70	34796.40	-264.00	-264.00	-264.00	-264.00	-264.00	-2763.91	13657.20	46818.60	46496.30	46312.30	46225.70	46394.60	47164.30	47645.60	49215.60	49981.20	50012.40	50033.40	49987.80	49909.00	49904.50
49873.70	25786.40	-264.00	-264.00	-264.00	-264.00	-264.00	-264.00	-3148.06	-958.18	-3621.92	46881.80	47101.50	46384.60	46665.50	47021.20	47561.80	49131.30	49911.30	49880.30	49811.10	49781.90	49708.90	21660.50
-264.00	-264.00	-264.00	-264.00	-264.00	-264.00	-264.00	-264.00	-3468.86	47356.10	46813.30	46601.50	46434.60	46490.00	46647.30	47000.60	47608.50	49286.00	50063.40	49987.10	49965.60	49985.60	49955.90	49919.80
49912.90	49848.30	37005.10	-264.00	-264.00	-264.00	-264.00	-264.00	-3456.43	47375.90	46905.30	46690.30	46565.00	46626.60	46790.50	47111.90	47723.90	49331.50	50108.70	50031.20	50054.50	50028.40	50036.60	49998.40
49982.40	49910.80	24085.90	-264.00	-264.00	-264.00	-264.00	-264.00	-3455.40	47325.20	46927.00	46733.70	46599.30	46541.10	46685.10	47033.30	47622.90	49272.10	50059.70	50087.00	50064.20	49980.80	49949.70	49955.70
49904.70	49869.80	16752.30	-264.00	-264.00	-264.00	-264.00	-264.00	-3458.18	47321.50	46856.30	46670.30	46517.90	46450.70	46713.80	47059.70	47575.70	49233.70	50000.90	50033.90	50057.80	49974.00	49942.00	49946.60
49932.60	49886.70	12308.40	-264.00	-264.00	-264.00	-264.00	-264.00	-3125.27	23246.80	47526.30	46711.80	46539.80	46456.80	46610.90	46971.50	47583.50	49185.20	49967.60	49963.70	49913.00	49856.70	49801.50	49762.40
1798.83	-264.00	-264.00	-264.00	-264.00	-264.00	-264.00	-264.00	-3415.01	47384.90	46921.30	46703.50	46537.90	46461.40	46748.80	47082.70	47583.30	49215.60	50002.60	50025.80	49989.80	49919.40	49884.90	49885.90
49826.20	48979.50	-264.00	-264.00	-264.00	-264.00	-264.00	-264.00	-3457.97	47312.20	46838.60	46623.00	46459.90	46391.30	46680.10	47023.50	47609.80	49262.60	50050.60	50078.20	49998.70	50018.30	49987.70	49989.40
49940.70	49905.00	27088.00	-264.00	-264.00	-264.00	-264.00	-264.00	-3439.32	47344.70	46878.50	46674.70	46519.70	46576.90	46811.90	47106.10	47602.40	49327.20	50104.00	50026.20	50048.80	50061.00	50028.90	49989.00
49936.30	49858.20	13791.50	-264.00	-264.00	-264.00	-264.00	-264.00	-3426.47	47452.60	47170.80	46974.50	46816.20	46801.20	46958.30	47247.70	47769.20	49375.20	50098.60	50020.70	50043.10	50055.10	50056.10	50043.60
49989.90	49909.50	9990.84	-264.00	-264.00	-264.00	-264.00	-264.00	-3430.19	47404.40	46941.90	46744.90	46603.80	46538.70	46790.40	47072.00	47562.90	49327.80	50105.00	50027.50	50050.80	50024.60	50032.80	49994.60
49978.50	49906.80	23861.40	-264.00	-264.00	-264.00	-264.00	-264.00	-3251.21	37633.70	47064.20	47372.60	47518.60	47511.10	46909.60	47700.90	48744.20	49528.70	38704.90	-264.00	-264.00	-264.00	-264.00	-264.00
-264.00	-264.00	-264.00	-264.00	-264.00	-264.00	-264.00	-264.00	-3365.82	45785.50	47061.50	46700.50	46569.00	46618.90	46858.70	47149.80	47667.10	49232.30	49898.80	49922.80	49938.80	49911.40	49912.50	49871.70
49817.40	49763.80	5598.59	-264.00	-264.00	-264.00	-264.00	-264.00	-2814.53	14825.40	46982.10	46778.00	46647.90	46622.20	46835.20	47121.30	47645.40	49364.80	50030.70	50056.40	50033.40	50045.90	50014.20	50008.50
49956.70	49880.90	15527.60	-264.00	-264.00	-264.00	-264.00	-264.00	-3434.47	47454.40	47175.00	46951.20	46798.80	46845.00	47010.90	47317.30	47764.60	49379.20	50045.10	50071.00	50048.20	50021.70	50029.40	49990.50
49939.60	49865.40	17939.60	-264.00	-264.00	-264.00	-264.00	-264.00	-264.00	-264.00	-264.00	-264.00	-264.00	-2573.95	-2014.70	-958.18	-264.00	-264.00	-264.00	-264.00	-264.00	-264.00	-264.00	-264.00
-264.00	-264.00	-264.00	-264.00	-264.00	-264.00	-264.00	-264.00	-3437.51	47426.70	46550.50	24984.70	29528.30	-264.00	-264.00	-264.00	-264.00	-264.00	-264.00	-264.00	-264.00	-264.00	-264.00	-264.00
-264.00	-264.00	-264.00	-264.00	-264.00	-264.00	-264.00	-264.00	-264.00	-3495.32	5724.25	-264.00	-264.00	-3908.92	47389.70	47552.40	22158.10	-264.00	-264.00	-264.00	-264.00	-264.00	-264.00	-264.00
-264.00	-264.00	-264.00	-264.00	-264.00	-264.00	-264.00	-264.00	-3289.80	41550.40	26855.60	-264.00	-4083.07	47193.90	47205.80	48744.70	46718.00	48643.40	1018.81	-264.00	-264.00	-264.00	-264.00	-264.00
-264.00	-264.00	-264.00	-264.00	-264.00	-264.00	-264.00	-264.00	-3474.32	47503.00	47140.50	46975.50	46837.00	46768.90	46905.70	47211.20	47880.20	49228.30	49989.50	50004.40	50011.20	49602.00	49577.50	49542.40
49502.50	49441.90	49345.90	-264.00	-264.00	-264.00	-264.00	-264.00	-3480.44	47481.80	47076.80	46781.00	46650.70	46629.00	46776.80	47071.50	47897.10	49390.30	50057.10	50084.40	50102.30	50078.00	50049.40	50015.00
49971.40	49912.10	49818.10	-264.00	-264.00	-264.00	-264.00	-264.00	-2992.81	16890.90	47133.90	46862.70	46723.40	46689.80	46834.30	47121.40	47628.20	49306.60	50081.50	50001.80	50021.10	50029.20	49990.90	49941.10
49902.80	23444.00	-264.00	-264.00	-264.00	-264.00	-264.00	-264.00	-264.00	-3770.76	47878.50	14942.40	-264.00	-4174.05	47111.60	47364.00	47725.50	49122.10	49757.00	49730.90	24396.60	-264.00	-264.00	-264.00
-264.00	-264.00	-264.00	-264.00	-264.00	-264.00	-264.00	-264.00	-3318.23	43635.80	1845.00	-2451.26	-958.18	-264.00	-2974.37	18822.40	47783.10	48110.80	23989.90	-264.00	-264.00	-264.00	-264.00	-264.00
-264.00	-264.00	-264.00	-264.00	-264.00	-264.00	-264.00	-264.00	-2612.25	9525.69	31540.20	-4206.49	46819.90	48423.80	45734.20	47168.00	47652.30	49125.70	49768.60	49711.60	-264.00	-264.00	-264.00	-264.00
-264.00	-264.00	-264.00	-264.00	-264.00	-264.00	-264.00	-264.00	-2630.75	-2017.40	-2483.99	41398.10	46911.30	48318.80	48946.20	29425.50	-264.00	-264.00	-264.00	-264.00	-264.00	-264.00	-264.00	-264.00
-264.00	-264.00	-264.00	-264.00	-264.00	-264.00	-264.00	-264.00	-3456.06	47402.70	47120.00	46892.40	47628.90	46719.60	46889.60	47161.50	47549.50	48966.20	49731.00	49844.90	49802.20	49692.90	49698.00	49645.30
49567.20	13375.30	-264.00	-264.00	-264.00	-264.00	-264.00	-264.00	-3462.03	47328.30	46998.80	46861.80	46733.50	46705.40	46819.90	47100.20	47495.50	47945.20	49272.20	50001.10	50024.40	49946.30	49918.20	49884.00
49885.30	49826.40	49733.50	-264.00	-264.00	-264.00	-264.00	-264.00	-264.00	-2697.87	-958.18	-264.00	-264.00	-264.00	-264.00	-264.00	-264.00	-264.00	-264.00	-264.00	-264.00	-264.00	-264.00	-264.00
-264.00	-264.00	-264.00	-264.00	-264.00	-264.00	-264.00	-264.00	-3460.89	47549.00	46808.80	3773.84	-264.00	-2772.07	14489.40	47453.30	47824.40	47940.60	48638.70	49303.80	15269.00	-264.00	-264.00	-264.00
-264.00	-264.00	-264.00	-264.00	-264.00	-264.00	-264.00	-264.00	-3454.66	47450.60	47126.20	46833.00	46690.10	46653.20	46920.10	47176.40	47586.30	48020.30	49263.80	49909.50	49934.30	49951.20	49925.20	49928.10
49890.20	49869.00	49798.20	25068.60	-264.00	-264.00	-264.00	-264.00	-3472.38	47379.50	46980.00	46786.50	46636.50	46602.30	46828.20	47107.50	47594.00	48055.00	49431.10	50049.80	50076.20	50093.00	50067.20	50070.30
50060.80	50012.30	49557.90	28259.70	-264.00	-264.00	-264.00	-264.00	-3526.89	47333.30	46992.80	46763.80	46633.70	46674.10	46894.40	47185.60	48339.80	48156.20	49433.80	50149.60	50163.90	50142.20	50117.30	50054.40
50018.80	49973.30	49910.40	40758.90	-264.00	-264.00	-264.00	-264.00	-3282.29	40296.90	47862.60	46774.00	46654.20	46704.80	46924.70	47214.30	47636.20	48104.50	49359.30	50080.20	50058.10	50071.80	50041.80	50038.70
49991.50	49953.20	33517.30	-264.00	-264.00	-264.00	-264.00	-264.00	-3493.80	47502.70	47156.10	46998.30	46866.80	46814.90	47074.80	47334.70	47686.60	48155.10	49370.40	50093.30	50112.70	50090.50	50064.80	50068.00
50030.70	49982.60	49914.30	28933.40	-264.00	-264.00	-264.00	-264.00	-264.00	-3308.31	32422.80	33383.70	-958.18	-264.00	-2559.79	-2085.94	-958.18	-264.00	-264.00	-264.00	-264.00	-264.00	-264.00	-264.00
-264.00	-264.00	-264.00	-264.00	-264.00	-264.00	-264.00	-264.00	-264.00	-264.00	-264.00	-2894.97	-1838.96	-958.18	-2558.66	-958.18	-264.00	-264.00	-264.00	-264.00	-264.00	-264.00	-264.00	-264.00
-264.00	-264.00	-264.00	-264.00	-264.00	-264.00	-264.00	-264.00	-2898.96	-2011.99	-3139.40	24899.20	47478.10	46710.10	46932.30	47227.70	47602.40	47887.40	47982.70	48683.20	48674.20	48642.60	42314.80	-264.00
-264.00	-264.00	-264.00	-264.00	-264.00	-264.00	-264.00	-264.00	-3577.90	47378.70	47082.30	46861.30	47270.50	47649.30	48692.30	46736.40	47854.80	48876.50	49450.60	49436.10	20631.70	-264.00	-264.00	-264.00
-264.00	-264.00	-264.00	-264.00	-264.00	-264.00	-264.00	-264.00	-2946.28	17379.60	47722.30	47733.30	47613.20	47661.80	47568.80	14873.70	-958.18	-264.00	-264.00	-264.00	-264.00	-264.00	-264.00	-264.00
-264.00	-264.00	-264.00	-264.00	-264.00	-264.00	-264.00	-264.00	-3524.67	47180.80	46816.60	46488.70	46287.90	46332.60	46509.80	46838.80	47649.10	47915.90	49134.00	49762.40	49781.90	49805.00	49780.10	49790.20
49754.40	49742.60	49707.30	38784.30	-264.00	-264.00	-264.00	-264.00	-3546.18	47080.00	46692.90	46442.10	46241.30	46158.90	46463.80	46810.80	48024.10	47901.70	49328.50	50106.20	50029.40	50053.50	50067.70	50038.20
50002.40	49956.60	49926.80	39333.60	-264.00	-264.00	-264.00	-264.00	-3482.23	47187.90	46821.40	46663.70	46461.80	46354.60	46542.00	46872.80	47361.40	47904.00	49334.70	50064.10	50090.90	50067.50	49983.30	49996.00
49955.30	49940.50	49859.30	7787.50	-264.00	-264.00	-264.00	-264.00	-3525.97	47125.60	46748.50	46482.50	46281.20	46329.20	46496.90	46834.40	47743.00	47964.10	49341.80	50119.60	50042.60	50066.90	50081.10	50051.80
50049.70	50004.20	49969.20	40574.60	-264.00	-264.00	-264.00	-264.00	-3534.64	47183.30	46751.30	46552.30	46349.70	46382.00	46645.60	46948.50	47519.10	47964.70	49402.40	50068.90	50096.00	50113.50	50088.60	50092.80
50085.20	50039.80	49977.00	41003.80	-264.00	-264.00	-264.00	-264.00	-3569.50	47230.60	46846.10	46641.60	46496.10	46545.60	46829.50	47081.10	48122.70	48054.10	49450.20	50115.40	50135.40	50113.80	50122.60	50121.40
50086.00	50041.10	49979.20	43166.10	-264.00	-264.00	-264.00	-264.00	-3521.62	47451.70	47129.90	46956.60	46902.30	46943.90	47188.90	47386.10	47902.90	49452.00	50116.40	50135.40	50146.20	50119.80	50088.40	50049.70
49999.10	49925.80	20821.00	-264.00	-264.00	-264.00	-264.00	-264.00	-3540.48	47432.90	47106.90	46908.80	47743.00	47811.90	47074.10	47874.90	48011.60	49278.60	49952.80	49918.20	49913.80	49854.00	48567.10	-264.00
-264.00	-264.00	-264.00	-264.00	-264.00	-264.00	-264.00	-264.00	-3329.68	-958.18	-3280.52	40679.30	47506.80	47522.80	47670.90	47231.10	47840.40	48034.90	48765.10	49406.00	49326.40	11629.00	-264.00	-264.00
-264.00	-264.00	-264.00	-264.00	-264.00	-264.00	-264.00	-264.00	-3522.70	47438.10	47155.60	47058.00	46920.40	46890.30	46883.70	47112.70	47544.80	48097.60	49288.50	50037.80	50046.10	50023.60	49612.90	49581.60
49547.50	49497.40	49425.70	25311.90	-264.00	-264.00	-264.00	-264.00	-3633.60	47149.50	46683.00	46365.50	46161.70	46204.50	46383.20	47253.50	48402.20	47990.80	49435.50	50100.80	50121.00	50099.70	50108.80	50108.00
50073.30	49645.10	49584.10	47901.20	-264.00	-264.00	-264.00	-264.00	-3618.66	47093.80	46659.10	46435.50	46241.80	46155.60	46449.30	46797.40	48325.60	47961.10	49403.00	50127.80	50050.80	50075.40	50050.80	50021.80
50026.00	50015.00	49953.70	44691.60	-264.00	-264.00	-264.00	-264.00	-3593.52	47125.40	46684.40	46293.10	46086.80	46135.90	46252.50	46683.40	48260.90	47894.70	49351.10	50129.20	50052.40	50031.40	50007.40	49979.20
49989.90	49946.20	49886.70	49305.40	-264.00	-264.00	-264.00	-264.00	-3285.13	40308.20	46662.90	46372.10	46167.80	46349.00	46668.00	46952.80	48238.70	47990.30	49452.60	50071.60	50099.00	50116.80	50125.90	50097.30
50062.70	50018.90	49987.10	48957.80	-264.00	-264.00	-264.00	-2610.57	-2594.12	29956.20	47122.80	47866.80	46722.80	46737.00	46968.00	47228.50	47569.60	48105.60	49322.80	50039.20	50012.00	50018.50	49977.90	49923.80
49842.60	7809.96	-264.00	-264.00	-264.00	-264.00	-264.00	-264.00	-2774.63	-958.18	-2725.29	-2550.19	-2925.75	-958.18	-2753.32	-2666.47	-264.00	-264.00	-264.00	-264.00	-264.00	-264.00	-264.00	-264.00
-264.00	-264.00	-264.00	-264.00	-264.00	-264.00	-264.00	-3134.98	24324.90	47387.90	47053.80	46884.40	46706.90	46733.10	46872.20	47455.10	48925.30	46984.60	48992.80	49666.70	49688.70	49661.80	49629.80	49629.80
49577.20	49499.30	13449.40	-264.00	-264.00	-264.00	-264.00	-2677.18	9271.15	47411.70	47528.60	47804.30	47669.30	47766.30	47727.40	47891.60	47883.80	48031.00	48821.00	49483.70	13822.20	-264.00	-264.00	-264.00
-264.00	-264.00	-264.00	-264.00	-264.00	-264.00	-264.00	-3163.84	27755.10	47377.90	47060.60	46910.00	46820.40	46747.20	46951.30	47538.00	48665.30	48237.80	49298.60	50015.10	50029.90	50008.70	50012.40	49983.90
49564.00	49519.70	49459.40	49363.70	-264.00	-264.00	-264.00	-264.00	-3623.68	47351.50	47031.90	46796.50	46637.80	46678.40	46964.00	47362.10	48643.30	48140.80	49381.70	50105.30	50125.50	50137.80	50113.40	50112.80
50078.30	50034.70	49590.20	49494.40	-264.00	-264.00	-264.00	-3193.36	31011.40	47235.10	46851.00	46646.00	46505.00	46477.30	46634.80	47778.40	48413.90	48025.20	49403.30	50070.00	50097.50	50076.30	50091.00	50062.50
50061.60	50046.00	49986.60	49892.40	-264.00	-264.00	-264.00	-264.00	-3658.66	47514.00	46970.40	46733.40	46617.80	47685.90	46901.60	47179.60	47580.10	48104.30	49369.40	50091.00	50069.80	50084.70	50056.30	50055.60
50012.30	49953.50	49860.80	-264.00	-264.00	-264.00	-264.00	-3135.38	21034.80	47375.70	47036.00	46743.50	46620.30	47586.40	47323.20	47407.40	47354.60	49152.40	49912.60	49936.80	49902.90	49831.50	49780.80	37034.20
-264.00	-264.00	-264.00	-264.00	-264.00	-264.00	-264.00	-264.00	-3196.94	31499.70	47337.10	47232.80	47647.10	47310.10	47365.60	46844.00	47277.40	47919.30	49133.10	49742.50	49753.30	49708.50	49691.90	43629.30
-264.00	-264.00	-264.00	-264.00	-264.00	-264.00	-264.00	-3205.74	32389.10	46931.60	46386.90	45888.90	45626.70	45475.00	45958.50	47342.90	48123.10	47803.10	49218.30	50007.20	49978.50	50002.50	50017.30	49988.70
49987.70	49943.90	49912.10	48520.10	-264.00	-264.00	-264.00	-3187.34	-958.18	-4021.50	46529.00	46152.80	45910.10	45958.70	46261.30	46745.30	47329.10	47935.30	49346.20	50124.30	50093.70	50111.50	50120.70	50092.10
50085.60	50042.00	49597.60	49501.80	-264.00	-264.00	-264.00	-3196.20	31347.90	47221.70	46791.50	46596.40	46465.50	46408.10	47299.60	47382.40	47747.30	49232.20	49997.10	50074.30	50046.90	49957.70	49917.40	49907.90
49865.80	7068.30	-264.00	-264.00	-264.00	-264.00	-264.00	-264.00	-3134.30	24346.60	37573.90	29264.00	30709.20	32004.30	-958.18	-2811.46	-1887.12	-2526.80	-264.00	-264.00	-264.00	-264.00	-264.00	-264.00
-264.00	-264.00	-264.00	-264.00	-264.00	-264.00	-264.00	-2939.83	-2153.19	47128.40	46764.10	46580.20	46363.70	46376.30	46655.60	46929.20	47336.70	47938.80	49020.70	49687.50	49668.60	49692.20	49667.70	49678.70
49643.80	49599.60	49538.90	45390.50	-264.00	-264.00	-264.00	-3225.72	34573.40	47042.60	46685.40	46469.40	46287.60	46199.80	46462.50	47208.10	48414.70	48105.80	49374.50	50041.40	50068.60	50047.40	50062.20	50033.70
50032.80	49989.20	49929.90	49835.80	-264.00	-264.00	-264.00	-3249.58	37132.20	47180.70	46883.60	46777.90	46662.00	46719.70	46874.00	47382.00	48596.60	49364.00	50142.20	50065.20	50044.20	50065.90	50037.40	50002.90
49959.40	49900.10	49806.00	-264.00	-264.00	-264.00	-264.00	-3207.20	32647.40	47409.50	47142.10	46963.80	46834.40	47995.60	49206.10	46437.60	49298.90	47129.60	49257.30	49934.30	49847.40	1590.94	-264.00	-264.00
-264.00	-264.00	-264.00	-264.00	-264.00	-264.00	-264.00	-3203.00	32198.20	47442.00	47903.20	47812.40	46919.20	46900.10	47142.50	47384.20	47727.60	48133.10	49268.60	49939.20	49950.90	49917.90	49910.30	49855.00
49799.20	2461.71	-264.00	-264.00	-264.00	-264.00	-264.00	-3160.31	27322.60	47459.40	47186.30	46885.90	46711.70	46749.80	46948.70	47252.10	48315.40	48101.30	49342.40	50104.50	50118.90	50097.30	50100.30	50071.10
50035.60	49990.40	49928.00	41798.70	-264.00	-264.00	-264.00	-3170.66	28487.70	47322.20	47023.30	46819.10	46687.00	46729.10	47013.10	47246.50	47584.00	48052.60	49445.50	50110.60	50130.50	50142.40	50117.60	50116.30
50080.90	50035.80	49588.40	42281.00	-264.00	-264.00	-264.00	-3232.78	35441.00	47273.40	46904.70	46594.40	46454.60	46495.90	46680.30	47552.10	48387.10	47990.90	49402.50	50069.30	50096.70	50114.50	50090.20	50095.20
50060.70	50045.10	49600.80	49505.00	-264.00	-264.00	-264.00	-3272.84	39520.60	46940.20	46421.20	46178.30	45978.60	45854.50	46210.50	47019.30	48106.40	47805.20	49352.00	50130.10	50053.30	50078.10	50092.70	50097.60
50062.90	50019.00	49959.10	48418.50	-264.00	-264.00	-264.00	-3262.54	38458.90	47004.00	47144.00	46875.20	46633.80	46762.80	46910.30	46954.10	47493.30	49095.70	49858.70	49939.90	49905.20	49829.20	49773.50	25384.80
-264.00	-264.00	-264.00	-264.00	-264.00	-264.00	-264.00	-2653.72	8325.13	47215.80	47268.90	47159.10	47240.50	47240.30	47185.30	47553.70	47735.00	48872.80	49619.40	49620.70	49584.80	21110.50	-264.00	-264.00
-264.00	-264.00	-264.00	-264.00	-264.00	-264.00	-264.00	-3254.84	37728.10	46932.60	46354.70	46063.20	45820.40	45868.30	46192.10	46673.10	48006.70	47733.70	49144.80	49913.20	49948.10	49943.20	49893.30	49909.40
49875.00	49871.00	49811.70	49751.60	-264.00	-264.00	-264.00	-3315.83	29803.20	46612.80	45913.70	45567.80	45294.40	45070.60	45548.60	45981.60	47227.20	47492.20	49191.90	49964.00	50056.50	50082.60	50001.10	49972.80
49983.50	49939.80	49880.20	49114.30	-264.00	-264.00	-264.00	-3277.98	39928.90	46651.90	45952.00	45647.30	45349.30	45374.60	45650.80	46918.10	48058.30	47861.10	49261.70	50030.20	50112.20	50033.30	50009.30	50026.40
49991.90	49987.60	49928.30	49867.90	-264.00	-264.00	-264.00	-3209.98	32892.40	47199.20	46868.90	46458.40	46278.70	46334.40	46509.20	46831.20	47326.60	47804.30	49292.10	50080.20	50108.40	50086.40	50003.90	49974.50
49983.40	49936.70	49871.40	35628.10	-264.00	-264.00	-264.00	-3242.08	36258.50	46974.70	46531.10	46331.40	46124.80	46007.30	46078.70	46452.40	47333.30	47673.50	49259.40	50027.90	50062.40	50030.90	50006.70	50023.70
50028.20	49984.30	49924.30	48221.00	-264.00	-264.00	-264.00	-3332.44	43739.90	46609.50	45914.00	45576.60	45309.30	45085.40	45296.10	46456.10	47261.20	47395.90	49046.50	49878.20	49954.30	49991.20	50020.40	50039.00
49990.70	49905.10	49845.80	49751.70	-264.00	-264.00	-264.00	-3294.76	41308.40	46404.80	45825.30	45456.80	45123.50	45179.70	45590.30	46004.80	47520.40	48137.30	49454.90	50120.40	50101.40	50119.20	50094.90	50099.90
50065.40	50049.80	49990.40	49896.20	-264.00	-264.00	-264.00	-2679.20	7969.35	47502.50	46857.00	46693.80	46531.00	46440.90	46551.00	47223.20	47217.90	47779.90	49279.40	50067.00	50094.30	50014.10	50033.30	50040.90
50001.90	49984.50	49909.90	16276.70	-264.00	-264.00	-264.00	-3359.01	45226.60	46816.20	46237.70	45802.90	45558.40	45620.50	45942.00	47384.60	48044.50	47872.00	49254.70	50023.20	50105.10	50026.30	50002.30	50019.30
50024.10	49980.50	49954.90	49860.70	-264.00	-264.00	-264.00	-3390.89	46834.80	46935.60	46471.10	46030.70	45795.90	45670.60	45974.30	47795.90	47998.40	47735.60	49261.00	50082.80	50111.50	50032.60	50054.10	50064.80
50030.30	49986.70	49961.10	49867.00	-264.00	-264.00	-264.00	-3391.15	46699.70	46699.90	46070.80	45617.50	45364.10	45650.40	45712.40	47258.70	47752.20	47742.70	49136.10	49972.80	50012.10	50044.30	50067.30	50038.80
49947.90	49904.80	49845.50	49751.40	-264.00	-264.00	-264.00	-3157.87	26820.40	47867.90	47717.30	47390.30	47280.80	32575.90	-3324.20	-958.18	-3138.70	-958.18	-264.00	-264.00	-264.00	-264.00	-264.00	-264.00
-264.00	-264.00	-264.00	-264.00	-264.00	-264.00	-264.00	-3393.10	46999.70	46979.10	46560.80	46246.20	46098.90	46011.70	46354.70	47891.20	48127.10	47796.60	49011.30	49833.30	49768.10	49828.30	49804.00	49815.10
49814.60	49771.10	49740.20	49646.20	-264.00	-264.00	-264.00	-3348.39	44777.40	46937.40	46429.50	46207.80	46002.00	46241.60	46637.30	47126.70	48267.00	47919.80	49332.60	50110.70	50034.20	50058.90	50034.50	50006.00
50010.80	50000.90	49941.50	49847.40	-264.00	-264.00	-264.00	-3381.08	46880.20	47032.40	46520.50	46190.20	45983.10	47163.70	46526.90	47486.30	47708.20	47859.90	49228.60	50013.10	50035.60	49950.40	49915.90	49916.50
49856.10	46934.60	-264.00	-264.00	-264.00	-264.00	-264.00	-3318.27	43117.80	47025.50	46535.70	46835.10	47016.00	47046.30	46627.30	46909.70	47253.00	47795.60	49166.80	49931.30	49961.30	49953.70	49902.60	49849.60
49793.70	49708.30	1537.37	-264.00	-264.00	-264.00	-264.00	-3169.65	28438.50	47092.60	46094.50	46292.80	45797.00	46214.40	46430.00	46994.20	47358.00	47471.40	48636.00	49449.90	49466.20	49454.80	17686.50	-264.00
-264.00	-264.00	-264.00	-264.00	-264.00	-264.00	-264.00	-264.00	-3600.70	8680.63	11345.00	46551.00	46318.40	46079.20	46425.00	46692.20	46844.80	47308.20	48174.90	22041.00	-264.00	-264.00	-264.00	-264.00
-264.00	-264.00	-264.00	-264.00	-264.00	-264.00	-264.00	-3372.22	45915.50	45992.80	45057.70	44684.20	44370.60	44424.90	45065.10	45187.80	45933.40	46852.50	48593.10	49518.00	49651.30	49721.40	49751.40	49716.70
49672.70	49612.30	45203.40	-264.00	-264.00	-264.00	-264.00	-3331.31	43643.40	46251.10	45359.30	44832.20	44541.50	44370.40	44635.80	45111.70	46150.80	47233.80	48941.30	49776.20	49884.60	49895.50	49870.10	49840.00
49861.60	49814.10	49800.80	30788.30	-264.00	-264.00	-264.00	-3294.49	41502.40	47074.00	46678.30	46408.10	46191.90	46414.20	46898.50	47286.60	47605.70	47896.30	49247.10	50032.40	50009.30	50026.80	49979.10	49900.80
49847.60	49768.30	12502.10	-264.00	-264.00	-264.00	-264.00	-3358.03	45334.10	47002.60	46512.60	46529.10	46221.00	46359.60	46589.80	46914.80	47469.70	47820.70	49236.40	50004.90	50039.50	50065.50	50041.20	49956.20
49922.10	49878.70	49864.10	49770.10	-264.00	-264.00	-264.00	-3410.92	47456.40	47043.20	46708.80	46376.60	46194.90	47270.50	46798.50	47029.90	48076.10	48126.90	49350.10	50128.20	50051.50	50076.30	50052.00	50062.60
50028.10	49984.60	49958.90	49864.80	-264.00	-264.00	-264.00	-3439.81	47412.70	46935.90	46492.10	46062.40	45850.70	45740.00	46112.00	47994.40	47500.20	47805.00	49263.40	50085.20	50113.90	50035.00	50011.00	49982.80
49993.70	49950.10	49930.10	49869.80	-264.00	-264.00	-264.00	-3405.50	47313.40	46847.40	46413.50	46010.90	45803.80	45872.40	46173.70	47386.50	48028.60	47874.30	49200.50	50030.50	50112.50	50033.60	50009.60	50026.70
50031.40	49987.80	49962.20	49868.10	-264.00	-264.00	-264.00	-3421.17	47444.60	46969.30	46632.50	46263.30	46090.40	46145.70	46509.70	47860.00	48211.40	47878.10	49352.30	50130.40	50053.60	50078.50	50093.30	50098.30
50063.80	50020.20	49988.90	49894.70	-264.00	-264.00	-264.00	-3388.31	46764.90	47005.70	46558.60	46080.40	45863.50	45925.00	46143.80	47150.90	48029.80	47673.00	49261.40	50029.90	50111.80	50032.90	50054.30	50025.70
50030.20	49986.40	49960.20	48594.80	-264.00	-264.00	-264.00	-3410.89	47523.00	47160.40	47507.30	46516.30	46481.20	47664.70	47616.10	47575.40	49117.00	47406.60	49297.10	49908.60	49899.60	49858.90	10757.20	-264.00
-264.00	-264.00	-264.00	-264.00	-264.00	-264.00	-264.00	-3102.11	14663.70	47269.50	47691.70	47836.30	47848.80	46955.50	47749.20	47862.50	47758.80	48635.70	49369.90	16234.30	-264.00	-264.00	-264.00	-264.00
-264.00	-264.00	-264.00	-264.00	-264.00	-264.00	-264.00	-3405.19	47437.20	46977.70	46497.10	46064.40	45842.80	45900.10	46279.00	46841.00	48105.60	47851.80	49100.20	49868.60	49903.50	49874.30	49848.50	49820.10
49785.70	49787.00	49727.80	49673.60	-264.00	-264.00	-264.00	-3423.01	47468.50	47071.90	46749.20	46534.40	46385.00	46447.70	46708.80	47886.10	48455.60	48184.30	49392.50	50117.30	50040.70	50019.70	50041.10	50051.80
50017.30	49973.80	49948.10	49854.00	-264.00	-264.00	-264.00	-3428.13	47561.50	47671.50	47676.80	46816.70	46804.10	46975.60	47203.20	47420.30	47720.90	48091.30	49379.30	50055.90	50082.20	50059.50	50033.30	50041.40
50003.00	49953.00	49914.60	23171.80	-264.00	-264.00	-264.00	-264.00	-3121.95	-958.18	-3083.53	21215.30	47558.60	47711.50	47654.90	47352.40	47651.70	48044.80	48853.80	49508.70	47632.50	-264.00	-264.00	-264.00
-264.00	-264.00	-264.00	-264.00	-264.00	-264.00	-264.00	-3408.19	47617.60	47219.50	46869.20	46701.20	46559.90	46580.40	46795.40	47751.50	47786.30	47973.10	49272.60	49939.70	49964.90	49981.90	49956.20	49959.50
49922.10	49873.80	49833.30	28223.10	-264.00	-264.00	-264.00	-3394.89	47114.80	47105.40	46795.40	47236.50	47088.20	46249.60	46572.70	47266.80	47503.80	48989.00	49878.50	49945.90	49971.60	49960.50	49886.70	49874.60
49786.90	1371.40	-264.00	-264.00	-264.00	-264.00	-264.00	-3419.09	47333.20	46889.00	46334.90	46063.20	45845.90	45701.70	46025.60	46894.50	47872.70	47774.40	49155.60	49985.70	50020.40	50046.20	49965.30	49981.90
49947.50	49943.30	49884.00	49789.90	-264.00	-264.00	-264.00	-3454.87	47223.00	46609.10	45940.40	45611.20	45361.10	45428.90	45857.00	47048.90	47858.30	47407.90	48973.70	49936.60	50009.00	50041.30	50017.10	50035.70
49944.90	49901.70	49887.00	49793.00	-264.00	-264.00	-264.00	-3380.74	46130.10	46590.80	45858.70	45482.50	45174.10	45523.30	45879.80	46262.40	47501.10	47584.90	49138.60	49973.40	50066.00	50044.90	50067.80	49982.40
49948.40	49949.80	49890.50	49835.90	-264.00	-264.00	-264.00	-3413.70	47215.40	46542.40	45578.10	45130.30	44855.90	45188.30	45627.70	46418.20	47848.10	47680.40	49138.80	49973.60	50012.90	50045.10	50068.00	49982.60
49948.60	49950.00	49890.70	49796.70	-264.00	-264.00	-2860.76	12937.80	47275.30	46661.30	45995.90	45745.20	45490.70	45546.90	45901.40	46414.90	47661.10	47614.00	49047.00	49940.30	50012.80	50045.00	50067.90	49982.50
49948.50	49949.90	49890.60	49836.00	-264.00	-264.00	-2928.10	15850.70	47258.20	46764.70	46146.10	45449.10	45134.50	45484.10	45848.20	46959.90	47860.30	47786.30	49201.10	49973.20	50065.70	50091.90	50067.60	49982.20
49993.00	49949.50	49929.50	49835.40	-264.00	-264.00	-2917.49	15362.00	47448.50	46994.70	46521.70	46194.80	45979.10	46029.60	46332.80	46674.70	47723.70	47748.00	49200.50	49972.60	50065.20	50091.30	50067.00	49981.60
49992.40	49948.90	49928.90	49834.80	-264.00	-264.00	-2917.30	15318.40	47425.90	46967.10	46488.40	46246.10	46036.60	45904.30	46216.50	47212.30	48014.00	47809.70	49135.60	49972.50	50065.10	50091.20	50009.60	50026.70
49992.30	49988.00	49928.60	49868.30	-264.00	-264.00	-264.00	-3451.00	47300.70	46870.20	46330.80	46137.50	45899.60	45734.10	46058.20	46797.80	47866.00	47784.60	49135.90	49972.70	50065.30	50091.40	50009.80	50026.90
49992.50	49988.20	49928.80	49834.80	-264.00	-264.00	-2970.91	17427.90	47218.90	46741.90	46323.80	45856.10	45624.50	45674.20	45565.30	47010.60	47706.60	47695.30	49046.70	49940.00	50012.40	50044.70	50020.60	50039.20
49990.90	49924.30	49846.00	49752.00	-264.00	-264.00	-2913.68	15106.70	7807.61	-3974.62	46385.30	46144.50	45937.80	45988.00	46293.50	46632.70	47123.50	47700.50	49270.90	50037.80	50070.40	50046.70	50066.20	50032.70
49934.50	49878.40	49791.70	1461.34	-264.00	-264.00	-2911.35	14840.50	7420.18	-264.00	-2739.92	13715.10	46644.10	46572.90	46690.60	46979.70	47377.80	47784.40	49190.20	49969.80	49961.10	49890.50	49839.70	49765.80
19590.20	-264.00	-264.00	-264.00	-264.00	-264.00	-2775.79	7471.86	690.97	-3818.38	46980.20	46809.00	46662.50	46695.80	46801.80	47064.10	47363.80	47788.00	49160.90	49925.80	49988.10	49946.70	49887.50	49847.20
49838.60	49759.00	12143.80	-264.00	-264.00	-264.00	-2840.35	11805.20	47399.60	46962.60	46419.40	45815.60	45554.60	45595.50	45704.20	46084.90	47026.30	47575.80	48947.40	49910.50	49982.90	50015.20	49991.10	49998.10
49919.00	49875.60	49861.00	49767.00	-264.00	-264.00	-2971.04	17444.60	47060.50	46452.80	45718.60	45385.00	45085.70	45159.00	45575.70	47180.50	47714.60	47747.60	49044.90	49938.20	50010.60	50042.90	50065.80	49980.40
49946.40	49947.80	49888.50	49794.40	-264.00	-264.00	-3044.54	20048.50	47108.50	46555.70	46069.20	45958.30	45715.30	45528.50	45862.60	47201.30	47885.60	47883.60	49138.20	49973.10	50065.60	50091.80	50010.20	50027.30
49992.80	49988.50	49929.20	49835.10	-264.00	-264.00	-264.00	-3436.39	47364.20	46972.10	46588.10	46365.70	46147.60	45999.80	46299.30	46643.80	47556.80	47822.90	49200.50	49972.70	50065.20	50091.40	50067.00	49981.60
49947.60	49904.50	49845.20	49795.90	-264.00	-264.00	-2915.70	-2210.67	-3310.23	42511.30	46997.90	46746.40	46684.70	46020.40	46855.00	46615.20	47114.40	47667.90	48969.00	49722.70	49736.80	49729.30	42950.00	-264.00
-264.00	-264.00	-264.00	-264.00	-264.00	-264.00	-2976.38	17511.60	47313.70	46951.40	46464.50	46219.00	46017.50	45889.10	46014.50	47237.70	48024.80	47933.20	49115.00	49945.20	49980.00	49992.30	49925.30	49941.50
49907.00	49863.50	49843.70	49749.70	-264.00	-264.00	-2988.54	18072.20	47395.40	46937.60	46463.60	46293.30	46089.50	46305.50	46545.60	47500.70	48258.80	48073.80	49288.00	50076.60	50105.20	50026.50	50047.90	50058.60
50024.10	49980.50	49954.90	49860.80	-264.00	-264.00	-264.00	-3421.72	47455.80	47018.30	46538.30	46233.00	46030.40	46075.40	46369.40	46696.40	47316.30	47925.00	49261.30	50029.80	50111.80	50032.90	50008.90	50026.00
50030.70	49987.10	49927.80	49867.50	-264.00	-264.00	-264.00	-3464.46	1974.01	20765.30	46606.20	46446.40	46274.00	46340.80	46644.20	46943.50	47279.70	47650.80	49253.30	50019.50	50098.50	50016.00	49986.90	49996.40
49950.60	49926.20	38934.80	-264.00	-264.00	-264.00	-264.00	-3499.01	4647.56	13138.90	46538.20	46479.90	46269.10	46121.70	46401.80	46718.00	47183.30	47669.90	49250.70	50017.50	50097.20	50015.70	49987.90	49999.40
49956.80	49938.50	49848.70	821.18	-264.00	-264.00	-264.00	-3534.04	47325.10	46944.90	46526.70	46382.40	46150.80	46178.70	46288.00	47058.10	47995.70	47913.10	49186.80	50016.90	50051.50	50077.60	49996.20	49968.00
49934.00	49935.20	49875.90	49821.40	-264.00	-264.00	-3115.78	22360.30	47345.80	46896.80	46550.40	46333.20	46088.90	46102.00	46017.10	47424.30	48051.40	47953.90	49134.50	49971.50	50064.00	50090.20	50008.60	50025.70
49991.20	49986.90	49927.60	49833.50	-264.00	-264.00	-3091.22	21583.50	47436.70	47047.70	46804.60	46611.90	46499.50	46444.70	46681.00	48339.30	48495.50	48311.90	49351.80	50129.90	50053.10	50078.00	50053.60	50064.30
50029.80	50019.90	49960.50	49866.40	-264.00	-264.00	-3118.72	17993.70	47980.90	46992.90	46674.20	46475.40	46330.80	46256.40	46401.20	46767.60	48375.60	48180.60	49294.20	50082.70	50053.50	50032.50	50054.10	50025.60
49991.10	49947.60	49888.20	49794.20	-264.00	-264.00	-2994.81	18073.70	47368.30	47029.40	46568.50	46356.60	46148.60	46009.90	46315.90	46652.70	47730.00	47857.20	49200.50	49972.60	50065.10	50091.30	50067.00	49981.60
49947.50	49948.90	49889.60	49795.60	-264.00	-264.00	-3004.02	18482.20	47217.90	46684.60	46018.90	45461.50	45138.80	44934.80	45333.80	46201.70	47327.10	47517.30	48977.80	49879.10	49955.10	49992.10	50021.30	49993.00
49992.10	49925.50	49846.80	49752.70	-264.00	-264.00	-3080.30	21143.90	47109.50	46524.30	45806.20	45191.30	44903.90	44953.80	45329.30	45734.70	46187.90	47037.20	48976.00	49877.20	49953.00	49989.80	49965.30	49989.90
49955.10	49910.80	49823.30	44375.00	-264.00	-264.00	-2838.63	10432.70	47457.40	47036.30	46651.20	46817.30	46607.50	46414.00	46666.30	46918.00	47331.00	47575.60	48924.10	49714.70	49765.40	49765.80	49685.80	10637.10
-264.00	-264.00	-264.00	-264.00	-264.00	-264.00	-2827.72	9560.47	-958.18	-264.00	-2936.17	964.58	46787.30	46822.30	47034.30	47264.40	47516.20	48673.50	49455.00	49487.30	49395.40	-264.00	-264.00	-264.00
-264.00	-264.00	-264.00	-264.00	-264.00	-264.00	-2806.98	8806.59	1657.50	-264.00	-3920.84	46498.70	46308.10	46167.20	46268.50	46591.50	47093.60	47469.80	48770.50	49656.00	49716.30	49679.00	49684.60	49615.30
26140.90	-264.00	-264.00	-264.00	-264.00	-264.00	-2798.39	7769.63	43986.30	46978.10	46366.50	45679.70	45386.20	45406.40	45654.40	46281.90	46838.40	47486.80	48841.50	49727.50	49788.90	49753.10	49761.20	49697.20
37098.60	-264.00	-264.00	-264.00	-264.00	-264.00	-2837.16	10297.90	47469.60	47042.20	46646.40	46554.40	46325.80	46140.20	46282.80	46604.90	46966.40	47585.10	49004.20	49805.70	49872.70	49898.20	49864.50	49821.90
49848.30	49702.30	-264.00	-264.00	-264.00	-264.00	-2878.61	12672.30	47501.20	47191.00	46988.80	46803.20	46650.30	46692.60	46868.00	47116.70	47382.70	47774.70	49190.20	49956.80	49989.20	50001.70	49958.30	49905.60
49838.50	49790.70	49697.30	-264.00	-264.00	-264.00	-264.00	-264.00	-2559.43	7858.87	47033.20	46859.10	46723.30	46765.00	46860.60	47102.70	47364.30	47757.80	49186.20	49951.10	49981.20	49985.00	49935.00	49871.50
49817.40	49735.90	8563.03	-264.00	-264.00	-264.00	-2940.83	15896.30	47421.10	47088.80	46760.20	46446.80	46237.30	46277.90	46353.40	46669.40	47003.50	47810.30	49106.30	49944.40	49983.70	50016.00	50038.80	49999.40
49919.80	49876.30	49817.10	49723.00	-264.00	-264.00	-3034.44	19576.60	47277.00	46820.10	46229.80	45736.00	45476.40	45241.70	45639.90	46397.80	47531.30	47688.70	48975.40	49938.20	50010.70	50042.90	50018.80	50037.40
49988.20	49903.50	49844.20	49750.10	-264.00	-264.00	-3015.54	18825.70	47146.30	46571.90	45857.60	45292.20	45012.70	44803.70	44929.00	45396.80	46645.80	47222.70	48798.80	49813.70	49922.60	49934.60	49968.50	49940.30
49959.50	49916.40	49835.30	49848.20	-264.00	-264.00	-2915.49	14318.90	47176.30	46557.80	45804.40	45248.60	44943.70	46909.40	44225.00	45496.80	46178.20	48098.10	46813.70	48829.40	49632.10	49626.80	21757.50	-264.00
-264.00	-264.00	-264.00	-264.00	-264.00	-264.00	-2887.95	13107.80	47174.40	46552.50	45797.60	45376.80	45066.40	44805.60	45159.00	45537.90	45947.10	46871.70	48514.70	49496.10	49630.40	49668.90	49635.10	49654.70
49596.90	49537.40	-264.00	-264.00	-264.00	-264.00	-2947.56	15908.60	47280.90	46732.80	46040.30	45479.80	45194.30	45229.50	45316.30	45691.90	46110.10	46831.20	48602.20	49655.80	49789.50	49827.80	49800.20	49799.50
49757.60	49701.30	49673.00	1804.69	-264.00	-264.00	-2913.75	14194.80	47482.50	46697.40	46003.00	45374.60	45081.20	44853.20	45238.30	45629.60	46061.00	46984.60	48768.40	49693.10	49826.40	49864.10	49868.60	49834.40
49849.50	49790.50	49513.60	-264.00	-264.00	-264.00	-3030.17	19356.80	47243.50	46728.10	46264.70	45970.10	45729.10	45780.40	46093.70	46427.70	47860.40	47813.40	49031.20	49924.60	49997.00	50029.30	50005.20	49976.90
49967.40	49900.60	49830.60	49736.60	-264.00	-264.00	-3087.05	21411.80	15977.10	-4016.15	46619.40	46383.30	46353.80	46405.40	46643.80	46911.50	47276.70	47751.80	49333.10	50121.40	50150.20	50128.70	50046.30	50017.80
49983.20	49984.20	49923.20	45834.40	-264.00	-264.00	-3077.16	21122.10	47396.30	47010.60	46696.90	46362.90	46182.90	46048.80	46342.90	47759.80	48189.80	48074.30	49202.50	49974.60	50067.10	50093.30	50011.70	49983.50
49994.40	49950.80	49930.80	49836.80	-264.00	-264.00	-3104.51	21965.40	47217.90	46738.90	46131.60	45390.60	45067.30	44869.00	45307.80	46979.60	47360.40	47448.00	48904.20	49813.20	49922.10	49934.10	49968.00	49939.70
49959.00	49915.90	49857.10	49847.60	-264.00	-264.00	-2927.09	14835.20	47285.70	46723.80	45984.10	45345.30	45050.50	44828.10	44940.70	45354.10	45836.00	46582.80	48535.30	49655.30	49794.60	49839.50	49877.00	49848.60
49847.00	49803.30	49743.50	47521.50	-264.00	-264.00	-2856.68	11354.60	47204.40	47049.50	45830.50	45174.70	44858.50	44605.10	44983.20	45391.00	45836.20	46341.80	48317.60	49428.50	49585.30	49717.20	49685.90	49713.60
49725.00	49651.20	18486.50	-264.00	-264.00	-264.00	-2947.89	15926.00	47011.40	46329.50	45472.60	45114.30	44813.40	44575.40	44967.60	45381.00	45861.60	46805.10	48645.80	49557.20	49681.90	49749.00	49790.70	49762.00
49727.30	49745.20	49684.50	44093.20	-264.00	-264.00	-2977.46	17069.50	46905.20	46166.80	45529.40	45188.90	44903.10	44949.20	45320.80	45711.60	46132.20	46844.80	48644.40	49554.30	49677.10	49741.70	49780.20	49746.80
49766.90	49710.50	49623.00	1937.81	-264.00	-264.00	-2979.17	16416.80	47068.00	46395.40	45541.60	44934.70	44622.50	44662.90	45030.10	45438.00	45875.20	46632.20	48492.40	49536.90	49659.50	49723.50	49695.00	49726.90
49683.30	49623.50	46684.90	-264.00	-264.00	-264.00	-2603.09	-2062.47	15378.90	45897.80	45220.50	44857.80	44556.00	44610.10	44745.20	45174.00	45634.70	46374.70	48324.80	49308.90	49522.60	49499.40	49546.20	49583.80
49543.30	49577.20	49495.30	7844.70	-264.00	-264.00	-2923.77	14623.90	46047.90	45352.10	44933.80	44544.30	44282.40	44331.30	44670.60	45113.50	45608.50	46323.70	48168.60	49203.10	49447.80	49606.20	49582.20	49553.90
49589.80	49546.70	49487.90	48539.80	-264.00	-264.00	-3016.47	18551.10	45968.90	44998.30	44323.20	43920.80	43899.20	43951.60	44397.90	45417.90	46993.80	46082.80	48322.80	49299.70	49398.30	49466.80	49493.20	49495.80
28823.30	-264.00	-264.00	-264.00	-264.00	-264.00	-264.00	-3016.61	4358.40	46095.20	26505.10	-4099.36	44965.20	44915.70	45028.30	45170.20	45713.30	46091.50	47713.60	48687.40	13436.00	-264.00	-264.00	-264.00
-264.00	-264.00	-264.00	-264.00	-264.00	-264.00	-264.00	-264.00	-3142.48	-958.18	-3538.59	44996.00	18029.40	-4113.09	44994.00	44785.70	45257.80	46053.60	47666.10	48658.70	48833.90	-264.00	-264.00	-264.00
-264.00	-264.00	-264.00	-264.00	-264.00	-264.00	-264.00	-3417.12	46268.40	45319.30	44624.20	44282.90	43962.90	44005.20	44412.70	44812.20	44964.70	46142.30	47847.00	49085.60	49331.30	49415.40	49465.60	49507.70
49561.70	49518.70	49460.10	49434.20	-264.00	-264.00	-3007.44	18286.40	46254.10	45285.80	44580.40	44228.50	43908.50	43949.20	44362.20	44798.80	45972.10	46423.70	48171.30	49205.70	49450.50	49609.00	49654.80	49626.70
49680.80	49637.80	49645.60	49552.70	-264.00	-264.00	-2590.19	-2596.27	44044.90	45469.80	44514.10	44165.40	43846.70	43893.00	44021.20	44472.50	45984.30	46242.50	47976.20	49215.20	49459.90	49618.30	49664.10	49724.20
49690.10	49713.40	49654.80	49561.80	-264.00	-264.00	-2571.56	-1758.21	47155.70	46845.90	46406.00	46748.00	46652.90	45968.50	46293.00	46619.60	46971.70	47338.10	48796.90	49540.70	49582.10	49635.50	49591.40	49597.30
44246.40	-264.00	-264.00	-264.00	-264.00	-264.00	-264.00	-3148.21	25612.30	47296.80	46761.00	46361.40	46152.80	45750.20	45569.60	45985.80	46518.10	46603.40	48246.70	49228.30	49438.80	49485.40	49522.50	49569.00
49513.10	49426.90	4413.82	-264.00	-264.00	-264.00	-2906.12	14076.60	47068.00	46394.40	45833.50	45358.20	45063.60	45097.60	45453.70	45820.00	46209.30	46617.00	48434.40	49371.50	49526.80	49568.80	49534.90	49580.00
49521.40	49428.70	-264.00	-264.00	-264.00	-264.00	-2998.82	18101.90	47082.70	46620.30	46114.70	45602.10	45286.70	45319.40	45419.30	45828.00	46890.00	47409.10	48764.40	49621.30	49760.80	49805.80	49781.80	49815.50
49781.50	49738.50	49712.10	49618.80	-264.00	-264.00	-3029.70	9109.54	47157.10	46579.70	46071.60	45810.10	45552.50	45297.10	45684.30	46049.60	47030.00	47574.80	48902.40	49723.10	49858.80	49899.50	49875.40	49880.00
49845.80	49802.60	49743.70	49709.00	-264.00	-264.00	-264.00	-2999.45	8876.54	46648.10	46325.40	45847.50	45591.20	45338.50	45444.20	45874.00	46294.50	46960.90	48782.70	49638.50	49776.50	49819.80	49793.30	49761.70
49784.50	49733.10	49657.20	15911.50	-264.00	-264.00	-2761.01	-958.18	-3631.14	10230.60	-1981.58	-1855.44	-264.00	-4019.25	46037.60	47417.10	30350.30	-264.00	-264.00	-264.00	-264.00	-264.00	-264.00	-264.00
-264.00	-264.00	-264.00	-264.00	-264.00	-264.00	-2884.97	13227.50	47260.60	46698.60	46668.50	45766.10	45445.20	45217.90	45315.90	45711.60	46293.80	47037.60	48512.00	49364.50	49499.10	49471.30	49437.80	49462.60
49405.50	49316.40	1787.26	-264.00	-264.00	-264.00	-2557.18	-2315.74	21265.80	46374.20	45801.00	45449.30	45164.40	45194.40	47136.00	44789.70	47829.50	46397.00	47218.50	48633.80	49321.60	8297.96	-264.00	-264.00
-264.00	-264.00	-264.00	-264.00	-264.00	-264.00	-2928.94	15301.90	46974.40	46270.20	45399.20	45296.90	44989.40	45008.30	45362.50	45736.60	46410.70	46947.70	48670.90	49526.30	49664.30	49641.20	49680.70	49648.60
49670.70	49617.60	49538.00	10230.40	-264.00	-264.00	-2990.95	17839.80	46935.80	46231.40	45364.20	45008.70	44705.90	44737.40	45113.50	45203.70	47041.40	47248.90	48653.10	49564.70	49689.60	49756.90	49798.90	49770.70
49798.60	49755.60	49729.20	49635.90	-264.00	-264.00	-3027.61	19187.60	46765.60	45984.40	45316.50	44988.90	44682.60	44717.50	44838.60	45471.80	46784.00	47048.00	48535.70	49582.10	49706.80	49774.20	49816.10	49788.00
49815.80	49772.80	49714.20	49653.20	-264.00	-264.00	-2963.73	16644.20	46470.00	45551.40	44883.50	45244.70	44881.60	44366.30	45061.00	45249.00	46874.40	45214.70	47792.60	48831.20	49078.60	42875.50	-264.00	-264.00
-264.00	-264.00	-264.00	-264.00	-264.00	-264.00	-2588.21	-2526.30	36860.80	45369.70	44964.60	44667.30	44659.20	45522.30	45817.90	47219.20	45184.20	46636.20	47829.90	48839.10	49049.10	49065.80	3251.56	-264.00
-264.00	-264.00	-264.00	-264.00	-264.00	-264.00	-2606.27	1397.99	46496.30	45578.00	45188.10	44993.60	44714.80	44759.00	45126.50	45511.80	46189.10	48018.30	49048.30	49288.70	49365.30	49405.50	49432.70	49373.60
47707.30	-264.00	-264.00	-264.00	-264.00	-264.00	-264.00	-2810.58	13241.00	46158.20	45508.50	45238.50	44939.10	44969.80	45326.40	45701.70	46106.30	46818.50	48576.70	49485.90	49608.30	49583.60	49554.40	49519.00
49561.50	49498.10	37789.40	-264.00	-264.00	-264.00	-2883.69	13098.70	46672.50	45859.10	44906.90	44810.20	44773.20	44795.60	44874.60	45269.10	45692.70	46442.70	48292.00	49403.00	49559.70	49603.50	49660.40	49621.80
49637.60	49563.50	18047.00	-264.00	-264.00	-264.00	-2735.37	4373.63	47107.50	46427.30	45574.40	44592.90	44341.40	44385.00	44730.50	45152.80	45604.00	46109.60	48125.00	49292.50	49505.60	49555.50	49527.40	49563.40
49608.50	49616.40	49407.60	-264.00	-264.00	-264.00	-2803.21	9127.63	46895.40	46120.70	45205.20	44376.00	44049.70	43784.00	44197.60	44642.40	45088.70	45831.80	47945.00	49010.10	49298.50	49510.20	49484.30	49527.60
49559.80	49598.50	49527.10	22533.70	-264.00	-264.00	-2808.16	9013.37	46722.00	45919.60	44978.50	44421.70	44101.10	44133.60	44528.80	44904.30	45361.80	46125.50	48147.00	49179.70	49422.40	49504.00	49550.00	49516.30
49544.00	49486.50	49483.90	-264.00	-264.00	-264.00	-2716.96	2483.17	-958.18	-2971.08	-958.18	-264.00	-3860.17	45110.30	45818.20	45861.90	46253.90	46839.00	48095.30	48960.70	39653.00	-264.00	-264.00	-264.00
-264.00	-264.00	-264.00	-264.00	-264.00	-264.00	-264.00	-3306.47	42029.20	46404.00	45553.80	45749.70	44909.30	46549.50	47203.60	44363.30	46266.30	47642.90	32712.80	-958.18	-264.00	-264.00	-264.00	-264.00
-264.00	-264.00	-264.00	-264.00	-264.00	-264.00	-264.00	-3351.59	44332.00	45929.50	45506.50	46577.60	43768.40	45240.00	45327.60	45709.50	46126.30	46842.60	48144.70	49117.10	49209.90	49267.20	49200.30	30244.50
-264.00	-264.00	-264.00	-264.00	-264.00	-264.00	-264.00	-3309.60	41623.10	45699.00	45311.10	45025.40	44715.30	44739.70	45100.70	45482.10	45903.60	46646.70	48227.60	49338.50	49494.70	49468.00	49506.30	49466.60
49501.70	49422.90	11367.70	-264.00	-264.00	-264.00	-264.00	-3231.38	34603.50	45811.10	45159.00	44587.80	44243.90	43935.10	44292.90	44691.00	45085.70	45867.50	47861.20	49094.70	49333.50	49408.60	49446.10	49398.70
49402.00	29379.60	-264.00	-264.00	-264.00	-264.00	-264.00	-3312.81	41801.10	45455.50	44531.30	44155.60	43807.80	43508.80	43881.20	45655.50	46622.40	44840.70	46174.60	47821.60	25340.80	-264.00	-264.00	-264.00
-264.00	-264.00	-264.00	-264.00	-264.00	-264.00	-264.00	-264.00	-3535.99	44896.00	43923.90	43749.30	43405.90	43753.30	44152.20	44567.70	46443.20	44819.10	47644.50	48859.30	49072.20	49096.30	10190.10	-264.00
-264.00	-264.00	-264.00	-264.00	-264.00	-264.00	-264.00	-3198.71	31127.20	46076.90	45168.50	44934.50	44680.70	44422.80	44795.80	45135.30	45547.30	46115.70	47865.80	49024.50	49224.20	49256.00	49197.30	48513.80
-264.00	-264.00	-264.00	-264.00	-264.00	-264.00	-264.00	-3275.83	39311.70	46009.50	45336.20	45005.20	44697.40	44722.40	45090.70	45480.90	45899.00	46837.00	48394.40	49332.60	49414.70	49387.80	49430.10	49390.20
49407.80	49328.80	11248.10	-264.00	-264.00	-264.00	-264.00	-264.00	-3268.00	30326.30	46022.10	45826.80	45583.90	45040.30	46518.40	30495.10	12375.90	46785.10	18047.90	-264.00	-264.00	-264.00	-264.00	-264.00
-264.00	-264.00	-264.00	-264.00	-264.00	-264.00	-264.00	-264.00	-3137.74	24402.60	46998.20	47306.90	46686.70	46502.50	46391.00	46690.10	47021.50	47468.60	48428.60	49238.40	49288.30	49239.30	49168.60	22941.50
-264.00	-264.00	-264.00	-264.00	-264.00	-264.00	-264.00	-264.00	-3069.00	12800.00	46563.90	46015.00	46138.10	46099.60	46131.80	46178.80	46568.50	46657.70	47596.40	41514.60	-264.00	-264.00	-264.00	-264.00
-264.00	-264.00	-264.00	-264.00	-264.00	-264.00	-264.00	-3243.51	36328.50	18795.50	-3844.74	46076.00	46105.00	46157.70	46533.90	46562.20	47572.90	44915.50	47230.50	11091.10	-264.00	-264.00	-264.00	-264.00
-264.00	-264.00	-264.00	-264.00	-264.00	-264.00	-264.00	-2911.32	16319.40	45604.00	44938.50	44649.50	44391.50	44142.60	44553.10	44911.90	45355.60	46120.30	47974.40	49006.80	49250.60	49405.70	49377.50	49414.00
49371.00	49399.90	48610.70	-264.00	-264.00	-264.00	-264.00	-3366.39	44625.20	45332.20	44913.20	44485.40	44210.50	44250.70	44421.10	44817.70	45048.10	46350.60	48151.50	49320.80	49536.30	49589.20	49635.00	49606.90
49661.10	49618.00	49559.40	49533.10	-264.00	-264.00	-264.00	-3404.03	46410.40	45523.60	44564.40	44272.70	43943.90	43988.60	44126.00	44568.70	45121.00	46106.40	47974.70	49213.70	49458.40	49543.10	49592.90	49634.60
49600.70	49557.80	49587.20	49494.20	-264.00	-264.00	-264.00	-3345.73	43584.20	45369.70	44435.90	43742.10	43405.90	43450.70	43608.90	44054.70	44543.20	45344.20	47497.70	48839.70	49176.40	49288.40	49390.40	49463.70
49497.90	49515.20	49524.10	10551.10	-264.00	-264.00	-264.00	-2902.99	15264.70	46485.90	45897.40	45570.70	45279.50	45034.70	45013.40	45144.30	45599.50	46353.80	48300.40	49282.30	49493.10	49540.00	49507.50	49537.20
49571.00	49489.10	8033.97	-264.00	-264.00	-264.00	-264.00	-3294.45	41086.60	46172.30	45263.10	44597.70	44333.20	44379.90	44860.00	45276.10	45713.40	46668.50	48462.30	49400.30	49557.00	49600.80	49657.70	49619.00
49634.80	49560.60	17589.60	-264.00	-264.00	-264.00	-264.00	-3307.77	42079.50	46374.40	45801.30	45300.80	44998.70	44750.60	45114.10	45514.20	45941.40	46873.10	48588.40	49496.20	49616.70	49677.70	49644.90	49670.40
49615.70	49532.50	5804.69	-264.00	-264.00	-264.00	-264.00	-3346.28	44285.50	46318.90	45743.40	45178.50	44874.70	44912.00	45376.40	45758.70	46175.10	47056.70	48736.50	49591.20	49639.80	49703.50	49674.70	49706.00
49661.50	49600.10	42326.30	-264.00	-264.00	-264.00	-264.00	-3313.34	42413.20	46370.00	45505.10	45100.50	44792.60	44827.20	44960.70	45374.90	45849.80	46617.40	48505.70	49445.80	49605.70	49653.40	49716.00	49685.70
49648.30	49599.90	49530.70	26108.30	-264.00	-264.00	-264.00	-3329.81	43105.50	45930.20	44979.40	44727.70	44459.80	44505.00	44648.90	45024.60	45747.30	46445.80	48114.60	49144.50	49384.00	49460.70	49500.10	49456.00
49395.40	43964.90	-264.00	-264.00	-264.00	-264.00	-264.00	-3178.08	16332.10	44466.10	36685.80	29291.10	46128.10	46113.80	45967.30	46041.40	46472.80	46997.40	47767.30	48649.00	7249.02	-264.00	-264.00	-264.00
-264.00	-264.00	-264.00	-264.00	-264.00	-264.00	-264.00	-2935.95	16774.30	46195.50	45294.20	45044.60	45028.20	45337.40	45443.20	45814.70	46224.20	46638.80	48095.00	49075.20	49283.40	49327.70	49361.20	49312.90
49331.30	25993.00	-264.00	-264.00	-264.00	-264.00	-264.00	-3238.21	35778.10	46778.00	45894.30	45355.60	45056.30	44803.40	44882.60	45285.30	45982.90	46653.10	48373.20	49308.00	49459.30	49425.70	49453.80	49396.60
49307.10	1699.03	-264.00	-264.00	-264.00	-264.00	-264.00	-264.00	-3206.16	31703.60	45659.10	45044.40	44706.40	44722.60	45126.70	45520.30	45951.30	46865.00	48370.90	49305.70	49457.20	49494.00	49451.90	49395.10
49306.40	2358.13	-264.00	-264.00	-264.00	-264.00	-264.00	-3273.33	39386.90	46788.30	46291.60	45996.20	45732.80	46129.40	46215.80	46323.30	46652.50	46863.00	48258.50	49187.10	49328.10	49278.60	49277.80	21339.70
-264.00	-264.00	-264.00	-264.00	-264.00	-264.00	-264.00	-3136.28	24010.40	46407.40	45486.20	45237.50	44945.80	44985.20	45296.70	45679.00	47871.50	45889.20	48379.60	49303.30	49259.10	49302.50	42139.00	-264.00
-264.00	-264.00	-264.00	-264.00	-264.00	-264.00	-264.00	-3321.68	42479.90	45627.70	44961.50	44407.60	44088.70	44137.30	44365.70	44799.20	45491.20	46189.40	47833.30	48895.30	49179.70	49281.10	49247.90	49310.60
49253.90	49240.60	2694.55	-264.00	-264.00	-264.00	-264.00	-3258.06	37602.70	46224.20	45575.10	45370.70	45072.60	45105.80	45408.60	45779.80	46188.70	46869.80	48551.30	49457.40	49431.70	49475.50	49438.20	49389.90
49391.20	25936.40	-264.00	-264.00	-264.00	-264.00	-264.00	-2745.31	-2510.47	40611.40	9905.99	-2700.24	-2741.38	-264.00	-2710.62	-958.18	-264.00	-264.00	-264.00	-264.00	-264.00	-264.00	-264.00	-264.00
-264.00	-264.00	-264.00	-264.00	-264.00	-264.00	-264.00	-3157.30	26610.70	46185.20	45282.70	44675.80	44400.20	44448.00	44802.30	45232.20	45948.20	46401.10	47919.30	48901.50	49008.60	49085.50	49053.60	49014.00
49037.10	48958.90	11700.60	-264.00	-264.00	-264.00	-264.00	-2648.23	-1834.26	-2482.79	34685.20	44817.60	44479.80	45054.70	44412.50	44809.90	45382.20	46133.80	47778.80	48836.50	49115.00	49079.00	49162.00	49200.80
32766.80	-264.00	-264.00	-264.00	-264.00	-264.00	-264.00	-264.00	-264.00	-3832.20	44676.20	44356.80	44029.40	44079.90	44564.30	44971.60	45723.50	46430.40	48028.20	49056.50	49165.70	49263.40	49329.20	49277.90
49277.20	16321.40	-264.00	-264.00	-264.00	-264.00	-264.00	-3289.67	40616.40	45941.00	44979.80	44668.60	44399.80	44449.70	44824.10	45247.00	45703.30	46441.50	48266.70	49248.80	49354.60	49328.00	49401.10	49361.30
49382.90	49304.20	11601.70	-264.00	-264.00	-264.00	-264.00	-2687.74	9090.80	45671.50	44712.70	44408.00	44065.00	43797.80	44287.00	44719.90	45152.50	46205.40	48099.20	49129.80	49241.70	49343.50	49416.00	49449.40
49395.00	49312.20	6814.22	-264.00	-264.00	-264.00	-264.00	-3287.64	40088.40	45409.80	44475.20	43821.70	43493.50	43548.80	43701.50	44145.50	46069.20	47604.60	48100.90	48533.60	48703.20	48843.40	48954.90	42148.10
-264.00	-264.00	-264.00	-264.00	-264.00	-264.00	-264.00	-264.00	-264.00	-3249.09	35329.50	45929.70	-3315.01	41881.60	3681.43	-958.18	-264.00	-264.00	-264.00	-264.00	-264.00	-264.00	-264.00	-264.00
-264.00	-264.00	-264.00	-264.00	-264.00	-264.00	-264.00	-3160.01	26889.80	46369.30	45973.90	45675.10	45393.40	45427.70	45505.00	45875.10	47226.80	48117.20	48287.20	48430.30	48544.00	48590.80	-264.00	-264.00
-264.00	-264.00	-264.00	-264.00	-264.00	-264.00	-264.00	-3290.17	40504.10	45939.10	45501.20	45355.00	45331.20	45628.70	47470.90	48136.20	48324.60	48483.20	48776.30	36041.90	-264.00	-264.00	-264.00	-264.00
-264.00	-264.00	-264.00	-264.00	-264.00	-264.00	-264.00	-2713.89	-2473.71	-3196.46	23677.80	45103.60	44821.50	45152.10	45751.30	46141.00	46587.80	46750.00	48100.80	48897.50	49087.90	49029.20	48168.10	-264.00
-264.00	-264.00	-264.00	-264.00	-264.00	-264.00	-264.00	-3288.20	40514.20	45926.90	45228.30	44876.00	44558.20	44603.40	44956.30	45387.20	45882.50	46665.40	48410.00	49350.00	49434.80	49411.40	49458.40	49425.80
49384.90	49400.90	49317.80	6447.84	-264.00	-264.00	-264.00	-3272.21	39022.00	46184.10	45528.90	45185.20	44885.60	44654.40	45206.80	45617.00	46056.90	47011.50	48590.50	49498.00	49548.20	49590.50	49645.20	49603.10
49612.70	49524.30	2258.69	-264.00	-264.00	-264.00	-264.00	-3395.67	46381.20	45940.90	45254.90	44901.30	44611.00	44397.50	44833.00	45203.40	46476.10	46732.80	48505.00	49445.80	49532.90	49585.70	49631.60	49603.50
49569.60	49526.70	49468.20	49375.60	-264.00	-264.00	-264.00	-3378.46	45290.20	45484.90	44789.90	44413.30	44140.20	43901.20	44332.00	44752.70	46127.40	46127.90	48362.60	49348.10	49458.00	49437.10	49518.70	49490.50
49456.50	49413.40	49429.10	49336.30	-264.00	-264.00	-264.00	-3343.38	43416.20	45293.30	44856.20	44489.70	44216.00	43975.60	44102.80	44574.40	44891.70	46212.90	48181.60	49215.90	49460.50	49545.00	49520.70	49566.00
49531.50	49557.80	49497.70	45344.00	-264.00	-264.00	-264.00	-3266.29	38085.60	45666.80	44994.60	45162.20	44942.60	44683.30	45008.10	45338.40	45631.50	47470.50	48731.50	48976.40	36721.20	-264.00	-264.00	-264.00
-264.00	-264.00	-264.00	-264.00	-264.00	-264.00	-264.00	-264.00	-3142.45	-958.18	-3920.48	45631.20	45613.00	45388.90	45195.60	45583.50	47128.40	45199.20	47717.90	48712.20	48761.30	2420.42	-264.00	-264.00
-264.00	-264.00	-264.00	-264.00	-264.00	-264.00	-264.00	-3262.64	37633.30	45427.30	44725.40	44405.10	44085.70	44140.00	44248.60	44695.00	45146.20	46182.20	47994.20	49025.10	49137.70	49240.20	49208.50	49273.20
49220.60	49142.00	11471.10	-264.00	-264.00	-264.00	-264.00	-3246.60	35971.70	45451.60	44761.40	44488.30	44169.90	43914.50	44023.90	44481.10	44979.60	45935.90	47862.30	48922.60	49204.70	49173.90	49135.90	49215.50
49143.60	20630.30	-264.00	-264.00	-264.00	-264.00	-264.00	-3202.73	31155.80	45242.50	44591.80	44245.20	43919.00	43968.90	44391.80	44857.20	45849.90	46410.90	48016.90	49042.20	49011.80	49109.90	49061.20	49120.80
24083.30	-264.00	-264.00	-264.00	-264.00	-264.00	-264.00	-3176.62	28608.40	46035.70	45645.30	45301.50	46625.60	44547.10	45831.50	46079.60	46746.90	48161.50	48791.60	34982.30	-264.00	-264.00	-264.00	-264.00
-264.00	-264.00	-264.00	-264.00	-264.00	-264.00	-264.00	-3237.42	35601.40	22274.20	-2735.62	-958.18	-264.00	-264.00	-264.00	-2613.89	-2247.59	-1128.28	-264.00	-264.00	-264.00	-264.00	-264.00	-264.00
-264.00	-264.00	-264.00	-264.00	-264.00	-264.00	-264.00	-3290.65	40890.60	46515.30	45974.60	45636.60	45313.50	45355.00	45459.80	45898.60	46366.10	46843.80	48129.40	49071.90	49052.30	49133.60	49182.60	49151.60
49113.30	49134.50	49061.50	18993.50	-264.00	-264.00	-264.00	-3274.98	39306.40	46170.90	45808.90	45478.40	45202.80	45250.30	45355.70	45761.20	46488.20	47225.90	48707.70	49560.40	49536.60	49578.80	49545.30	49503.00
49445.80	49356.20	1706.56	-264.00	-264.00	-264.00	-264.00	-3201.36	31540.50	46267.10	45621.70	45308.30	45584.40	45598.20	45132.50	45530.00	45989.20	46798.20	48303.20	49230.80	49296.40	49244.90	49244.00	15866.30
-264.00	-264.00	-264.00	-264.00	-264.00	-264.00	-264.00	-3194.55	30564.60	19044.90	-3872.30	44505.60	44179.00	44210.50	44721.20	45079.20	45316.10	47232.60	48344.40	48672.80	43634.50	-264.00	-264.00	-264.00
-264.00	-264.00	-264.00	-264.00	-264.00	-264.00	-264.00	-264.00	-3564.91	45979.00	45572.20	45180.50	45164.30	45225.30	47253.80	48156.60	45553.80	46752.70	48120.90	48884.10	28494.60	-264.00	-264.00	-264.00
-264.00	-264.00	-264.00	-264.00	-264.00	-264.00	-264.00	-3263.17	-958.18	-3782.49	46038.80	45738.80	45718.70	45774.00	47632.10	48496.80	48639.70	48754.50	48932.20	1617.58	-264.00	-264.00	-264.00	-264.00
-264.00	-264.00	-264.00	-264.00	-264.00	-264.00	-264.00	-3340.53	-958.18	-264.00	-4015.90	26113.80	-2803.25	-958.18	-3154.49	-958.18	-264.00	-3074.84	-958.18	-264.00	-264.00	-264.00	-264.00	-264.00
-264.00	-264.00	-264.00	-264.00	-264.00	-264.00	-264.00	-3278.22	-958.18	-3784.04	45822.70	45453.60	45181.80	46258.00	46909.40	47104.00	42349.00	-2988.28	-958.18	-264.00	-264.00	-264.00	-264.00	-264.00
-264.00	-264.00	-264.00	-264.00	-264.00	-264.00	-264.00	-3297.56	41032.50	45616.30	45219.90	45029.30	45021.20	45086.90	45473.80	46118.40	46591.20	47834.90	48864.10	49104.70	49179.10	49217.80	49171.10	49105.20
31844.50	-264.00	-264.00	-264.00	-264.00	-264.00	-264.00	-3206.01	32180.90	21649.00	-264.00	-2718.41	-1938.94	15860.90	45872.20	46259.70	46700.50	47088.30	48385.30	49198.60	45622.40	-264.00	-264.00	-264.00
-264.00	-264.00	-264.00	-264.00	-264.00	-264.00	-264.00	-3277.29	-958.18	-2611.02	-1862.98	-1912.31	14658.10	45766.10	46116.10	46483.30	46902.90	48287.90	49121.70	49141.60	49153.00	14822.90	-264.00	-264.00
-264.00	-264.00	-264.00	-264.00	-264.00	-264.00	-264.00	-264.00	-264.00	-2706.70	-2127.98	-1387.12	-264.00	-264.00	-264.00	-2674.54	-1472.02	-958.18	-264.00	-264.00	-264.00	-264.00	-264.00	-264.00
-264.00	-264.00	-264.00	-264.00	-264.00	-264.00	-264.00	-3305.65	42265.80	46905.70	46371.00	32555.90	7666.47	44980.50	37200.60	24970.80	-958.18	-264.00	-264.00	-264.00	-264.00	-264.00	-264.00	-264.00
-264.00	-264.00	-264.00	-264.00	-264.00	-264.00	-264.00	-3316.00	42869.70	46636.30	46300.90	46042.50	45820.60	45666.10	45801.00	46210.70	46686.20	48150.30	49092.60	49251.40	49299.60	49273.20	49329.30	49290.10
49238.50	49229.80	14812.90	-264.00	-264.00	-264.00	-264.00	-3303.27	41755.60	46312.70	45737.70	45379.30	45111.10	45175.60	45554.90	46010.30	46488.30	47224.10	48714.50	49568.60	49616.50	49591.10	49649.10	49612.10
49564.20	49562.80	28484.30	-264.00	-264.00	-264.00	-264.00	-3265.67	38540.80	46525.30	45980.70	45703.50	45403.40	45468.00	45883.10	46279.90	46737.40	48618.70	49527.30	49578.90	49623.10	49592.60	49643.10	49594.00
49523.50	23897.90	-264.00	-264.00	-264.00	-264.00	-264.00	-3214.46	33071.30	46625.70	46096.30	45880.30	45569.50	45612.70	45998.60	46367.90	46795.10	48411.20	49346.20	49498.10	49535.60	49494.80	49527.90	49444.20
6359.91	-264.00	-264.00	-264.00	-264.00	-264.00	-264.00	-3216.73	33319.30	46421.50	45844.70	45513.30	45239.60	45296.50	45669.00	46072.80	46577.40	48403.00	49339.50	49493.50	49533.80	49497.30	49538.20	49471.40
30744.80	-264.00	-264.00	-264.00	-264.00	-264.00	-264.00	-3234.16	35271.30	46563.00	46020.30	45682.30	45378.50	45191.10	45576.20	45997.50	46529.10	48446.50	49490.10	49611.70	49585.90	49643.40	49605.50	49622.70
49551.70	23072.30	-264.00	-264.00	-264.00	-264.00	-264.00	-3232.05	35113.00	46730.30	46220.80	45913.30	45674.20	45456.20	45871.40	46272.90	46742.90	48830.50	49635.00	49679.20	49728.50	49729.80	49722.90	49697.10
49618.50	19649.10	-264.00	-264.00	-264.00	-264.00	-264.00	-3113.61	22198.30	47188.30	46625.40	46253.10	46019.70	46096.80	46604.40	46826.40	48164.80	49285.70	49437.60	49477.40	49403.40	45462.90	-264.00	-264.00
-264.00	-264.00	-264.00	-264.00	-264.00	-264.00	-264.00	-3182.55	29800.30	46802.50	46245.30	45851.00	45608.90	45625.20	45851.50	46273.70	46641.90	48453.20	49399.60	49477.30	49496.20	49500.10	49508.20	49469.60
32911.40	-264.00	-264.00	-264.00	-264.00	-264.00	-264.00	-3163.24	27542.40	46815.90	46288.70	45959.90	45748.40	45712.20	45945.40	46322.50	46713.70	48496.50	49429.20	49496.00	49517.30	49492.00	49518.80	49454.90
-264.00	-264.00	-264.00	-264.00	-264.00	-264.00	-264.00	-3172.58	28561.20	47046.00	46263.60	45824.80	45530.30	45509.70	45706.70	46112.00	46494.90	48414.90	49412.40	49493.00	49520.80	49526.80	49493.40	49509.60
43059.90	-264.00	-264.00	-264.00	-264.00	-264.00	-264.00	-3240.50	35861.50	46445.60	45859.30	45408.20	45218.00	45268.30	45508.70	45888.70	46278.70	48367.40	49389.80	49495.60	49521.40	49533.70	49530.80	49522.60
49508.20	25961.50	-264.00	-264.00	-264.00	-264.00	-264.00	-3224.42	34044.90	46224.00	45544.80	45135.20	44906.60	44898.00	45150.80	45544.30	45977.20	48174.10	49272.00	49442.00	49488.00	49503.10	49503.40	49485.80
49456.40	36689.30	-264.00	-264.00	-264.00	-264.00	-264.00	-3230.02	34370.90	45648.40	45004.30	44550.90	44383.00	44427.80	44609.00	45052.60	45506.20	47967.50	49174.50	49378.10	49461.40	49478.50	49488.10	49472.90
49447.80	44879.30	-264.00	-264.00	-264.00	-264.00	-264.00	-3182.14	29239.60	45948.30	45160.00	44718.70	44561.00	44622.60	44895.60	45360.30	45821.20	48152.80	49281.80	49462.20	49504.90	49524.90	49528.80	49519.80
49439.60	21143.50	-264.00	-264.00	-264.00	-264.00	-264.00	-3245.00	36309.50	46453.80	45848.60	45345.60	45054.60	45023.90	45282.10	45779.40	46274.20	48605.30	49587.10	49672.90	49738.60	49765.40	49772.20	49752.10
49719.80	49724.30	18979.90	-264.00	-264.00	-264.00	-264.00	-3175.40	28785.20	46543.90	45960.60	45403.80	45018.50	44896.90	45037.70	45465.20	45975.00	48533.40	49565.50	49641.30	49681.40	49695.80	49714.90	49692.00
49658.60	49612.40	32752.80	-264.00	-264.00	-264.00	-264.00	-2786.18	12070.00	46205.00	45463.10	44912.00	44639.80	44660.40	44950.30	45480.60	45965.00	48432.30	49511.50	49602.50	49653.90	49706.30	49717.30	49710.20
49671.80	38305.30	-264.00	-264.00	-264.00	-264.00	-264.00	-3175.10	28537.90	46490.90	46206.30	45660.50	35883.70	-264.00	-264.00	-264.00	-2582.65	-958.18	-264.00	-264.00	-264.00	-264.00	-264.00	-264.00
-264.00	-264.00	-264.00	-264.00	-264.00	-264.00	-264.00	-264.00	-264.00	-264.00	-264.00	-264.00	-264.00	-264.00	-264.00	-264.00	-264.00	-264.00	-264.00	-264.00	-264.00	-264.00	-264.00	-264.00
-264.00	-264.00	-264.00	-264.00	-264.00	-264.00	-264.00	-2697.50	-958.18	-264.00	-264.00	-2671.71	-2548.62	30015.40	-958.18	-3132.01	20992.60	-958.18	-264.00	-264.00	-264.00	-264.00	-264.00	-264.00
-264.00	-264.00	-264.00	-264.00	-264.00	-264.00	-264.00	-3251.19	37157.00	46601.00	46055.20	45839.30	45431.70	45452.70	45687.50	46000.50	46462.40	47171.80	48151.90	48265.00	48299.70	48302.50	48286.50	48250.90
30853.00	-264.00	-264.00	-264.00	-264.00	-264.00	-264.00	-3263.32	38166.50	46326.40	45852.40	45464.00	45248.60	45276.90	45496.60	45884.40	46301.50	48277.10	49275.00	49383.70	49426.10	49447.10	49459.80	49399.20
49446.70	39003.10	-264.00	-264.00	-264.00	-264.00	-264.00	-3055.97	16497.00	46749.90	46222.10	45873.90	45725.10	45783.80	46043.80	46510.80	46952.80	48774.60	49612.60	49695.40	49717.10	49717.10	49692.70	49624.90
26329.20	-264.00	-264.00	-264.00	-264.00	-264.00	-264.00	-3215.44	33530.10	47177.00	46884.90	46532.90	46427.90	46469.30	46662.60	46989.30	47388.00	48973.70	49801.20	49816.70	49839.70	49837.50	49821.30	49781.30
49717.50	18216.50	-264.00	-264.00	-264.00	-264.00	-264.00	-3197.71	31471.00	46985.60	46556.90	46210.40	45971.70	45932.00	46119.80	46490.80	46910.50	48815.30	49663.70	49750.60	49783.80	49797.40	49775.60	49760.20
49725.30	36709.00	-264.00	-264.00	-264.00	-264.00	-264.00	-3202.12	12479.20	46919.20	46416.40	46021.90	45836.40	45842.10	46009.30	46370.20	46781.50	48785.90	49660.30	49747.00	49780.20	49793.50	49764.30	49753.90
49716.40	30487.50	-264.00	-264.00	-264.00	-264.00	-264.00	-2956.32	-2016.87	-3749.47	46050.90	45645.10	45357.20	45331.00	45554.40	45973.50	46482.60	48535.00	49511.70	49594.10	49630.30	49665.00	49664.90	49639.20
39060.80	-264.00	-264.00	-264.00	-264.00	-264.00	-264.00	-3077.63	20924.70	46567.90	45952.10	45523.80	45263.50	45274.90	45489.80	45965.10	46466.40	48690.40	49631.50	49707.10	49773.90	49799.50	49812.00	49790.20
49773.30	49735.90	32221.50	-264.00	-264.00	-264.00	-264.00	-2928.88	3462.40	46579.50	45921.20	45542.80	45347.60	45413.30	45667.70	46170.30	46674.30	48835.50	49712.80	49799.80	49832.30	49844.00	49819.70	49805.40
49767.70	44300.20	-264.00	-264.00	-264.00	-264.00	-264.00	-3218.64	33546.50	46492.80	45634.00	45022.20	44736.60	44713.80	44936.90	45474.90	46071.90	48600.30	49580.20	49662.50	49715.50	49766.90	49777.60	49774.80
49767.90	49723.60	49672.10	-264.00	-264.00	-264.00	-264.00	-3224.13	34132.40	46430.60	45675.50	45214.00	45055.70	45096.90	45340.80	45760.00	46225.90	48635.20	49596.50	49652.80	49675.00	49665.40	49678.40	49659.40
49628.20	36951.50	-264.00	-264.00	-264.00	-264.00	-264.00	-3193.29	30759.60	46449.70	45828.20	45447.40	45246.80	45274.30	45482.80	45951.50	46498.50	48726.60	49649.10	49750.60	49798.60	49813.60	49787.40	49762.80
49728.40	49653.20	-264.00	-264.00	-264.00	-264.00	-264.00	-3287.86	40901.80	46625.40	46039.40	45676.80	45533.80	45852.50	46591.00	46892.90	47047.50	48892.40	49763.70	49827.20	49843.40	49843.70	49816.70	49778.40
46004.00	-264.00	-264.00	-264.00	-264.00	-264.00	-264.00	-3070.78	20886.10	47051.50	46741.20	46467.40	46281.80	46240.00	46437.00	46846.20	47265.80	48972.10	49823.80	49826.60	49842.00	49832.60	49808.80	49770.90
49709.80	4789.58	-264.00	-264.00	-264.00	-264.00	-264.00	-3141.27	24928.40	47508.90	47252.50	46971.30	47007.10	46864.70	46935.40	47063.10	47449.00	48645.80	49445.60	49456.80	49383.90	-264.00	-264.00	-264.00
-264.00	-264.00	-264.00	-264.00	-264.00	-264.00	-264.00	-3166.61	27977.70	47564.00	46822.70	46489.50	46276.70	46260.40	46424.00	46782.70	47098.30	48645.00	49435.10	49464.10	49447.00	49513.80	49512.70	49464.80
10127.20	-264.00	-264.00	-264.00	-264.00	-264.00	-264.00	-3034.42	19656.00	47048.80	46667.20	46354.70	46155.80	46156.70	46336.40	46693.80	47098.10	48907.20	49796.00	49770.90	49773.60	49795.70	49748.90	49736.90
32819.00	-264.00	-264.00	-264.00	-264.00	-264.00	-264.00	-3250.08	37105.90	46928.50	46630.80	46383.50	46237.70	46156.20	46508.20	46892.40	47394.00	48999.80	49831.30	49874.00	49885.30	49918.70	49942.90	49907.30
49861.80	49798.60	38850.40	-264.00	-264.00	-264.00	-264.00	-3232.43	35201.00	47016.70	46647.30	46425.40	46279.20	46185.50	46356.30	46765.40	47371.20	48954.00	49854.00	49895.30	49904.80	49877.50	49903.10	49862.20
49861.40	49778.90	4634.69	-264.00	-264.00	-264.00	-264.00	-264.00	-3684.21	46909.40	46361.50	46064.50	45870.40	45968.60	46335.70	47205.60	48754.50	49677.80	49809.40	49844.70	49845.80	49806.60	49813.30	49737.20
14995.40	-264.00	-264.00	-264.00	-264.00	-264.00	-264.00	-3174.05	-958.18	-3756.13	46519.30	46831.60	46942.50	46885.80	47037.10	48269.00	46326.60	48536.10	31783.90	-264.00	-264.00	-264.00	-264.00	-264.00
-264.00	-264.00	-264.00	-264.00	-264.00	-264.00	-264.00	-3214.56	33307.30	46886.80	46453.00	46001.10	45785.30	45872.20	46015.40	46458.50	47307.60	48721.80	49541.90	49609.10	49651.80	49686.00	49652.40	49610.00
49584.20	49552.50	-264.00	-264.00	-264.00	-264.00	-264.00	-3028.24	13162.70	47118.10	47182.00	46445.60	46256.20	46156.30	46384.50	46799.50	47430.10	48928.40	49754.00	49789.20	49789.70	49749.70	49755.40	49676.50
11192.20	-264.00	-264.00	-264.00	-264.00	-264.00	-264.00	-3145.86	-958.18	-3785.63	46836.80	46713.60	46563.40	46626.40	46931.50	47264.60	47576.90	48923.90	49719.00	49685.70	49675.90	49678.00	49590.20	1036.89
-264.00	-264.00	-264.00	-264.00	-264.00	-264.00	-264.00	-3079.18	21126.70	47173.10	46776.90	46477.20	46295.80	46375.40	46572.80	46962.50	47482.20	48801.90	49631.40	49671.10	49701.40	49693.80	49641.20	49621.70
11415.30	-264.00	-264.00	-264.00	-264.00	-264.00	-264.00	-3182.26	29706.00	47009.70	46463.20	46235.60	46043.90	45924.00	46293.10	46704.10	47348.10	48879.30	49712.00	49755.90	49730.20	49761.60	49756.40	49765.90
49695.40	23966.90	-264.00	-264.00	-264.00	-264.00	-264.00	-3160.80	-958.18	-2713.76	12794.70	46192.00	45985.40	45857.70	46042.50	46492.50	47339.30	48832.90	49660.90	49698.60	49663.80	49681.90	49653.10	44100.60
-264.00	-264.00	-264.00	-264.00	-264.00	-264.00	-264.00	-3053.34	20221.40	47075.50	46657.30	46489.90	46296.20	46353.90	46690.40	47052.40	47455.20	48765.00	49590.20	49624.00	49645.30	49622.30	49538.30	2844.21
-264.00	-264.00	-264.00	-264.00	-264.00	-264.00	-264.00	-3102.39	-1020.55	-3073.87	20898.00	46979.50	46870.80	46943.80	47184.80	47446.30	47738.60	48963.90	49658.90	49678.90	49682.20	49608.10	18725.00	-264.00
-264.00	-264.00	-264.00	-264.00	-264.00	-264.00	-264.00	-3180.53	-958.18	-3913.50	47187.50	47686.00	47456.80	47311.30	47511.80	47766.70	47703.30	42799.80	-264.00	-264.00	-264.00	-264.00	-264.00	-264.00
-264.00	-264.00	-264.00	-264.00	-264.00	-264.00	-264.00	-2742.76	-958.18	-3135.96	24403.60	15506.70	-2682.71	-2483.34	35679.20	47591.50	47713.80	48113.10	13809.60	-264.00	-264.00	-264.00	-264.00	-264.00
-264.00	-264.00	-264.00	-264.00	-264.00	-264.00	-264.00	-3138.48	24800.30	47244.70	46918.10	46744.60	46623.40	46705.20	46892.50	47245.20	47734.60	48986.90	49752.20	49729.90	49757.90	49789.30	49678.70	49629.10
49602.80	23424.80	-264.00	-264.00	-264.00	-264.00	-264.00	-3145.28	25503.50	47154.90	46817.40	46467.20	46316.50	46407.50	46729.60	47113.30	47655.50	49121.70	49891.40	49928.10	49956.80	49927.70	49889.40	49818.70
49773.80	39671.80	-264.00	-264.00	-264.00	-264.00	-264.00	-3153.23	26402.90	47200.20	46793.10	46551.80	46405.70	46357.60	46671.30	47075.30	47638.70	49154.30	49924.90	49962.40	49992.30	50001.30	49950.60	49880.90
49825.20	49740.30	1892.02	-264.00	-264.00	-264.00	-264.00	-264.00	-3599.99	47677.70	47711.10	46809.30	46733.40	46819.00	47067.00	47373.20	47792.20	49108.10	49867.00	49889.40	49824.70	49789.90	49715.60	18776.80
-264.00	-264.00	-264.00	-264.00	-264.00	-264.00	-264.00	-3144.74	25422.60	47318.20	47013.20	46821.00	46720.40	46728.50	46908.30	47241.90	47693.10	49173.50	49940.30	49973.00	49949.30	49934.90	49883.30	49818.00
49780.00	49692.50	1057.31	-264.00	-264.00	-264.00	-264.00	-2957.64	-1691.49	-3903.33	46873.30	46726.50	46587.50	46531.60	46713.30	47348.60	48879.40	49774.70	49809.70	49809.90	49769.50	49774.40	49693.80	10240.10
-264.00	-264.00	-264.00	-264.00	-264.00	-264.00	-264.00	-264.00	-3506.42	47356.50	46919.70	46735.80	46600.30	46551.80	46835.30	47197.10	47713.50	49146.70	49911.90	49942.60	49916.20	49877.60	49835.70	49784.00
49708.10	14341.90	-264.00	-264.00	-264.00	-264.00	-264.00	-264.00	-3549.74	47318.20	46976.90	46799.10	46709.00	46790.10	47022.50	47344.80	47781.30	49215.10	50001.00	49978.40	49982.10	49911.60	49872.90	49867.10
49793.70	21159.60	-264.00	-264.00	-264.00	-264.00	-264.00	-264.00	-3515.31	47355.60	47070.00	46878.20	46779.10	46854.90	47068.50	47390.70	47802.90	49175.30	49939.90	49969.80	49966.90	49916.00	49858.30	49802.50
49717.40	1591.46	-264.00	-264.00	-264.00	-264.00	-264.00	-264.00	-3502.60	47279.20	47014.50	46767.30	46630.00	46700.60	46867.90	47229.40	47663.30	49105.00	49872.40	49847.90	49877.30	49896.00	49851.50	49790.20
43274.10	-264.00	-264.00	-264.00	-264.00	-264.00	-264.00	-264.00	-3123.59	18660.40	47511.60	47716.50	47623.20	47652.80	47617.50	47698.50	-264.00	-264.00	-264.00	-264.00	-264.00	-264.00	-264.00	-264.00
-264.00	-264.00	-264.00	-264.00	-264.00	-264.00	-264.00	-264.00	-2591.67	8235.75	46979.70	46836.50	46681.70	46605.30	46848.70	48305.60	46447.30	48583.00	49368.40	49347.50	49330.20	11582.10	-264.00	-264.00
-264.00	-264.00	-264.00	-264.00	-264.00	-264.00	-264.00	-264.00	-3507.51	47215.50	46901.10	46706.70	46558.90	46630.10	46924.50	47263.50	47670.30	48988.00	49755.10	49788.90	49759.80	49778.30	49733.10	49697.40
39898.00	-264.00	-264.00	-264.00	-264.00	-264.00	-264.00	-264.00	-3534.98	47248.90	47004.00	46841.10	46809.30	46873.30	47090.10	47386.00	47905.50	49253.50	49981.20	49991.70	49951.20	49902.80	49842.60	49763.00
49805.60	19350.30	-264.00	-264.00	-264.00	-264.00	-264.00	-264.00	-3432.21	47604.10	47362.40	47843.90	47149.70	47830.80	47918.10	48986.70	49698.80	49742.90	49608.20	4124.63	-264.00	-264.00	-264.00	-264.00
-264.00	-264.00	-264.00	-264.00	-264.00	-264.00	-264.00	-264.00	-3516.52	47523.00	47273.40	47871.10	48477.20	45901.10	47340.90	47651.40	48076.10	49067.60	49795.20	49754.90	16068.40	-264.00	-264.00	-264.00
-264.00	-264.00	-264.00	-264.00	-264.00	-264.00	-264.00	-264.00	-3571.16	47457.50	47115.20	46845.20	46758.40	46773.10	46955.80	47297.10	47842.80	49258.60	49924.80	49948.50	49924.50	49935.80	49902.00	49893.30
49835.90	49774.80	1224.15	-264.00	-264.00	-264.00	-264.00	-264.00	-3518.45	47528.20	47165.90	46905.40	46804.20	47593.00	48775.20	46788.60	48921.30	49707.80	44425.80	-264.00	-264.00	-264.00	-264.00	-264.00
-264.00	-264.00	-264.00	-264.00	-264.00	-264.00	-264.00	-264.00	-264.00	-3122.51	22681.40	47409.00	47571.60	3341.15	-2646.66	28184.30	-958.18	-264.00	-264.00	-264.00	-264.00	-264.00	-264.00	-264.00
-264.00	-264.00	-264.00	-264.00	-264.00	-264.00	-264.00	-264.00	-264.00	-264.00	-2591.59	-958.18	-3413.46	271.71	-958.18	-2619.46	-958.18	-264.00	-264.00	-264.00	-264.00	-264.00	-264.00	-264.00
-264.00	-264.00	-264.00	-264.00	-264.00	-264.00	-264.00	-264.00	-264.00	-264.00	-264.00	-264.00	-264.00	-264.00	-264.00	-264.00	-264.00	-264.00	-264.00	-264.00	-264.00	-264.00	-264.00	-264.00
-264.00	-264.00	-264.00	-264.00	-264.00	-264.00	-264.00	-264.00	-3435.76	47514.10	47263.00	47031.00	46897.50	46962.70	47118.00	47461.60	47935.40	48269.70	48930.20	48953.70	48967.90	48936.30	48931.90	48880.20
48833.10	14180.20	-264.00	-264.00	-264.00	-264.00	-264.00	-264.00	-3522.27	47454.30	47184.40	47078.80	46984.80	46980.00	47252.00	47561.10	48016.60	49252.70	49900.20	49922.30	49935.60	49904.80	49866.80	49817.50
49746.70	24863.20	-264.00	-264.00	-264.00	-264.00	-264.00	-264.00	-3502.71	47405.90	47145.80	46952.20	46817.20	46827.00	46937.80	47273.30	47824.40	49289.20	50065.20	49987.10	50008.20	50019.10	49984.80	49975.30
49916.60	49852.20	-264.00	-264.00	-264.00	-264.00	-264.00	-264.00	-3519.04	47392.80	46992.90	46760.20	46650.70	46615.10	46785.30	47155.40	47681.40	49240.20	50027.00	50052.60	50025.50	49942.80	49952.60	49908.00
49886.20	45014.80	-264.00	-264.00	-264.00	-264.00	-264.00	-264.00	-3513.48	47294.40	46784.30	46424.70	46263.30	46338.70	46491.90	46891.40	47593.60	49153.00	49923.30	49960.60	49990.00	49997.10	49945.10	49876.00
49862.70	49772.00	560.76	-264.00	-264.00	-264.00	-264.00	-264.00	-3529.06	47192.90	46775.70	46309.30	46102.60	45992.60	46176.50	46619.00	47540.70	49085.60	49888.70	49900.40	49934.10	49905.40	49924.30	49870.60
49775.70	45271.30	-264.00	-264.00	-264.00	-264.00	-264.00	-264.00	-3461.11	47238.80	46673.60	46472.70	46283.90	46359.30	46728.40	47083.90	47596.50	49028.00	49827.50	49892.00	49860.50	49875.10	49782.30	49823.00
13813.70	-264.00	-264.00	-264.00	-264.00	-264.00	-264.00	-264.00	-3375.15	1093.31	-3862.25	46374.80	46168.90	46229.90	46363.50	46763.00	47485.30	48902.40	49694.40	49688.40	49697.10	49624.60	20931.40	-264.00
-264.00	-264.00	-264.00	-264.00	-264.00	-264.00	-264.00	-264.00	-3466.51	47143.50	46627.40	46205.20	45984.60	45838.30	46184.80	46614.90	47531.60	49069.60	49838.70	49874.60	49902.30	49857.30	49798.10	49774.30
49747.70	23899.40	-264.00	-264.00	-264.00	-264.00	-264.00	-264.00	-3490.32	47225.00	46796.80	46420.80	46254.90	46330.80	46631.70	47026.70	47599.50	49201.50	49968.10	50000.40	50018.60	49938.10	49903.90	49904.80
49845.30	49191.30	-264.00	-264.00	-264.00	-264.00	-264.00	-264.00	-3458.41	47359.60	46837.40	46601.50	46564.40	46513.90	46795.10	47157.80	47681.00	49200.30	49966.10	49997.40	50012.00	49932.00	49939.50	49891.20
49862.10	28403.80	-264.00	-264.00	-264.00	-264.00	-264.00	-264.00	-3488.33	47366.80	46917.50	46727.90	47325.80	47341.40	47325.10	47245.90	47822.30	49286.40	49947.80	49965.90	49933.70	49893.80	49880.40	49802.10
13345.00	-264.00	-264.00	-264.00	-264.00	-264.00	-264.00	-264.00	-264.00	-3652.36	47943.90	47080.20	47040.90	47699.60	47192.30	47641.10	48951.90	49701.20	49709.50	49657.20	37065.60	-264.00	-264.00	-264.00
-264.00	-264.00	-264.00	-264.00	-264.00	-264.00	-264.00	-264.00	-3452.95	47441.10	47695.60	46832.80	46724.30	46789.80	46932.60	47255.90	47800.20	49156.50	49873.40	49846.10	49815.00	49821.40	49771.40	49738.80
22671.00	-264.00	-264.00	-264.00	-264.00	-264.00	-264.00	-264.00	-3467.35	47448.90	47204.00	47785.60	47701.30	46927.60	47146.80	47473.10	47929.30	49182.70	49837.90	49846.80	49801.10	49777.20	39084.40	-264.00
-264.00	-264.00	-264.00	-264.00	-264.00	-264.00	-264.00	-264.00	-3410.20	47519.60	47262.10	46965.20	46842.90	46959.90	47200.20	47496.80	47984.70	49263.20	49927.10	49948.00	49959.50	49926.10	49884.20	49861.60
49775.00	1894.80	-264.00	-264.00	-264.00	-264.00	-264.00	-264.00	-3439.46	47567.30	47190.20	46988.40	46852.00	46847.90	47689.20	47595.00	47950.20	49202.00	49941.20	49888.00	49898.50	49894.90	49836.50	49778.60
-264.00	-264.00	-264.00	-264.00	-264.00	-264.00	-264.00	-264.00	-3489.53	47519.40	47910.60	47003.90	47765.50	47801.90	47868.10	47939.00	48740.10	49342.70	45013.90	-264.00	-264.00	-264.00	-264.00	-264.00
-264.00	-264.00	-264.00	-264.00	-264.00	-264.00	-264.00	-264.00	-3321.42	43601.80	47449.30	47170.10	47001.20	47045.90	47215.00	47528.80	48025.70	49259.60	49995.80	49588.30	49562.00	49535.20	49496.80	49447.00
49380.20	26171.90	-264.00	-264.00	-264.00	-264.00	-264.00	-264.00	-3467.06	47512.60	47146.80	46984.20	46862.10	46830.40	46993.80	47349.60	47913.70	49341.00	50102.30	50115.80	50120.90	50094.40	49679.20	49639.60
49587.80	49516.80	19396.80	-264.00	-264.00	-264.00	-264.00	-264.00	-3458.79	47590.90	47262.60	47057.70	46966.30	46970.00	47126.50	47447.40	47934.90	49415.10	50033.10	50058.00	50073.20	50078.80	50073.10	50030.80
49973.80	49885.70	1658.89	-264.00	-264.00	-264.00	-264.00	-264.00	-3392.88	47191.60	47432.00	47211.90	47122.40	47161.80	47249.90	47536.60	47921.20	49325.40	50045.50	49964.70	49936.80	49947.50	49904.40	49885.50
49793.90	-264.00	-264.00	-264.00	-264.00	-264.00	-264.00	-264.00	-264.00	-264.00	-264.00	-264.00	-264.00	-264.00	-264.00	-264.00	-264.00	-264.00	-264.00	-264.00	-264.00	-264.00	-264.00	-264.00
-264.00	-264.00	-264.00	-264.00	-264.00	-264.00	-264.00	-264.00	-264.00	-264.00	-264.00	-264.00	-264.00	-264.00	-264.00	-264.00	-264.00	-264.00	-264.00	-264.00	-264.00	-264.00	-264.00	-264.00
-264.00	-264.00	-264.00	-264.00	-264.00	-264.00	-264.00	-264.00	-3407.17	47278.30	47001.60	45865.90	43835.60	46145.90	46828.30	47141.40	48397.10	49191.20	49200.30	2376.69	-264.00	-264.00	-264.00	-264.00
-264.00	-264.00	-264.00	-264.00	-264.00	-264.00	-264.00	-264.00	-3444.00	47416.30	47130.10	46951.40	46910.30	46967.70	47220.60	47506.70	47899.10	49136.00	49846.10	49832.40	49851.30	49820.80	49822.90	0.00
