id	Y-M-D h:m:s	cenit	acimut	declinacion	d	p1	p2	p3	r	hs:ms:ss
816, 2024-06-21 07:25:34, 66.5503, -104.7951, 23.4364, 803.5423, 8.8471, 0.0000, 2.0959, 9.0920, 06:59:00
816, 2024-06-21 07:26:34, 66.3393, -104.6980, 23.4364, 803.5423, 8.8391, 0.0000, 2.0943, 9.0838, 07:00:00
816, 2024-06-21 07:31:34, 65.2827, -104.2138, 23.4363, 803.5423, 8.7983, 0.0000, 2.0878, 9.0426, 07:05:00
816, 2024-06-21 07:36:34, 64.2238, -103.7316, 23.4363, 803.5423, 8.7569, 0.0000, 2.0839, 9.0015, 07:10:00
816, 2024-06-21 07:41:34, 63.1626, -103.2510, 23.4363, 803.5423, 8.7150, 0.0000, 2.0826, 8.9604, 07:15:00
816, 2024-06-21 07:46:34, 62.0992, -102.7717, 23.4363, 803.5423, 8.6725, 0.0000, 2.0840, 8.9194, 07:20:00
816, 2024-06-21 07:51:34, 61.0337, -102.2935, 23.4363, 803.5423, 8.6296, 0.0000, 2.0879, 8.8786, 07:25:00
816, 2024-06-21 07:56:34, 59.9662, -101.8160, 23.4363, 803.5423, 8.5862, 0.0000, 2.0943, 8.8380, 07:30:00
816, 2024-06-21 08:01:34, 58.8967, -101.3389, 23.4362, 803.5423, 8.5425, 0.0000, 2.1033, 8.7977, 07:35:00
816, 2024-06-21 08:06:34, 57.8254, -100.8619, 23.4362, 803.5423, 8.4985, 0.0000, 2.1149, 8.7577, 07:40:00
816, 2024-06-21 08:11:34, 56.7523, -100.3847, 23.4362, 803.5423, 8.4542, 0.0000, 2.1290, 8.7181, 07:45:00
816, 2024-06-21 08:16:34, 55.6775, -99.9069, 23.4362, 803.5423, 8.4097, 0.0000, 2.1456, 8.6791, 07:50:00
816, 2024-06-21 08:21:34, 54.6011, -99.4281, 23.4362, 803.5423, 8.3650, 0.0000, 2.1646, 8.6405, 07:55:00
816, 2024-06-21 08:26:34, 53.5231, -98.9480, 23.4361, 803.5423, 8.3202, 0.0000, 2.1862, 8.6026, 08:00:00
816, 2024-06-21 08:31:34, 52.4437, -98.4662, 23.4361, 803.5423, 8.2753, 0.0000, 2.2101, 8.5654, 08:05:00
816, 2024-06-21 08:36:34, 51.3629, -97.9822, 23.4361, 803.5423, 8.2304, 0.0000, 2.2365, 8.5289, 08:10:00
816, 2024-06-21 08:41:34, 50.2807, -97.4955, 23.4361, 803.5423, 8.1855, 0.0000, 2.2653, 8.4932, 08:15:00
816, 2024-06-21 08:46:34, 49.1974, -97.0058, 23.4361, 803.5423, 8.1406, 0.0000, 2.2965, 8.4584, 08:20:00
816, 2024-06-21 08:51:34, 48.1128, -96.5124, 23.4361, 803.5423, 8.0959, 0.0000, 2.3300, 8.4245, 08:25:00
816, 2024-06-21 08:56:34, 47.0271, -96.0148, 23.4360, 803.5423, 8.0513, 0.0000, 2.3658, 8.3917, 08:30:00
816, 2024-06-21 09:01:34, 45.9405, -95.5125, 23.4360, 803.5423, 8.0068, 0.0000, 2.4039, 8.3599, 08:35:00
816, 2024-06-21 09:06:34, 44.8528, -95.0047, 23.4360, 803.5423, 7.9626, 0.0000, 2.4442, 8.3293, 08:40:00
816, 2024-06-21 09:11:34, 43.7643, -94.4908, 23.4360, 803.5423, 7.9187, 0.0000, 2.4867, 8.3000, 08:45:00
816, 2024-06-21 09:16:34, 42.6750, -93.9700, 23.4360, 803.5423, 7.8751, 0.0000, 2.5314, 8.2719, 08:50:00
816, 2024-06-21 09:21:34, 41.5850, -93.4416, 23.4359, 803.5423, 7.8318, 0.0000, 2.5782, 8.2452, 08:55:00
816, 2024-06-21 09:26:34, 40.4944, -92.9046, 23.4359, 803.5423, 7.7888, 0.0000, 2.6271, 8.2200, 09:00:00
816, 2024-06-21 09:31:34, 39.4032, -92.3579, 23.4359, 803.5423, 7.7464, 0.0000, 2.6781, 8.1962, 09:05:00
816, 2024-06-21 09:36:34, 38.3116, -91.8006, 23.4359, 803.5423, 7.7043, 0.0000, 2.7310, 8.1740, 09:10:00
816, 2024-06-21 09:41:34, 37.2196, -91.2314, 23.4359, 803.5423, 7.6628, 0.0000, 2.7859, 8.1535, 09:15:00
816, 2024-06-21 09:46:34, 36.1274, -90.6490, 23.4358, 803.5423, 7.6218, 0.0000, 2.8427, 8.1346, 09:20:00
816, 2024-06-21 09:51:34, 35.0350, -90.0518, 23.4358, 803.5423, 7.5813, 0.0000, 2.9013, 8.1175, 09:25:00
816, 2024-06-21 09:56:34, 33.9427, -89.4382, 23.4358, 803.5423, 7.5415, 0.0000, 2.9616, 8.1022, 09:30:00
816, 2024-06-21 10:01:34, 32.8504, -88.8063, 23.4358, 803.5423, 7.5023, 0.0000, 3.0237, 8.0887, 09:35:00
816, 2024-06-21 10:06:34, 31.7583, -88.1540, 23.4358, 803.5423, 7.4637, 0.0000, 3.0875, 8.0771, 09:40:00
816, 2024-06-21 10:11:34, 30.6667, -87.4788, 23.4357, 803.5423, 7.4259, 0.0000, 3.1528, 8.0675, 09:45:00
816, 2024-06-21 10:16:34, 29.5756, -86.7779, 23.4357, 803.5423, 7.3888, 0.0000, 3.2196, 8.0598, 09:50:00
816, 2024-06-21 10:21:34, 28.4853, -86.0482, 23.4357, 803.5423, 7.3525, 0.0000, 3.2879, 8.0541, 09:55:00
816, 2024-06-21 10:26:34, 27.3960, -85.2861, 23.4357, 803.5423, 7.3169, 0.0000, 3.3576, 8.0505, 10:00:00
816, 2024-06-21 10:31:34, 26.3079, -84.4872, 23.4357, 803.5423, 7.2822, 0.0000, 3.4285, 8.0489, 10:05:00
816, 2024-06-21 10:36:34, 25.2213, -83.6467, 23.4356, 803.5423, 7.2484, 0.0000, 3.5007, 8.0494, 10:10:00
816, 2024-06-21 10:41:34, 24.1365, -82.7588, 23.4356, 803.5423, 7.2154, 0.0000, 3.5740, 8.0520, 10:15:00
816, 2024-06-21 10:46:34, 23.0539, -81.8166, 23.4356, 803.5423, 7.1834, 0.0000, 3.6483, 8.0567, 10:20:00
816, 2024-06-21 10:51:34, 21.9739, -80.8120, 23.4356, 803.5423, 7.1523, 0.0000, 3.7235, 8.0635, 10:25:00
816, 2024-06-21 10:56:34, 20.8971, -79.7354, 23.4356, 803.5423, 7.1222, 0.0000, 3.7996, 8.0723, 10:30:00
816, 2024-06-21 11:01:34, 19.8241, -78.5749, 23.4355, 803.5423, 7.0931, 0.0000, 3.8765, 8.0832, 10:35:00
816, 2024-06-21 11:06:34, 18.7557, -77.3165, 23.4355, 803.5423, 7.0650, 0.0000, 3.9540, 8.0962, 10:40:00
816, 2024-06-21 11:11:34, 17.6927, -75.9426, 23.4355, 803.5423, 7.0379, 0.0000, 4.0321, 8.1111, 10:45:00
816, 2024-06-21 11:16:34, 16.6365, -74.4317, 23.4355, 803.5423, 7.0120, 0.0000, 4.1106, 8.1280, 10:50:00
816, 2024-06-21 11:21:34, 15.5884, -72.7569, 23.4354, 803.5423, 6.9871, 0.0000, 4.1895, 8.1469, 10:55:00
816, 2024-06-21 11:26:34, 14.5504, -70.8843, 23.4354, 803.5423, 6.9634, 0.0000, 4.2685, 8.1676, 11:00:00
816, 2024-06-21 11:31:34, 13.5248, -68.7708, 23.4354, 803.5423, 6.9409, 0.0000, 4.3477, 8.1901, 11:05:00
816, 2024-06-21 11:36:34, 12.5148, -66.3610, 23.4354, 803.5423, 6.9195, 0.0000, 4.4269, 8.2144, 11:10:00
816, 2024-06-21 11:41:34, 11.5247, -63.5834, 23.4354, 803.5423, 6.8993, 0.0000, 4.5060, 8.2404, 11:15:00
816, 2024-06-21 11:46:34, 10.5601, -60.3451, 23.4353, 803.5423, 6.8803, 0.0000, 4.5849, 8.2680, 11:20:00
816, 2024-06-21 11:51:34, 9.6288, -56.5255, 23.4353, 803.5423, 6.8626, 0.0000, 4.6634, 8.2971, 11:25:00
816, 2024-06-21 11:56:34, 8.7417, -51.9703, 23.4353, 803.5423, 6.8461, 0.0000, 4.7415, 8.3277, 11:30:00
816, 2024-06-21 12:01:34, 7.9135, -46.4878, 23.4353, 803.5423, 6.8309, 0.0000, 4.8189, 8.3596, 11:35:00
816, 2024-06-21 12:06:34, 7.1650, -39.8579, 23.4353, 803.5423, 6.8170, 0.0000, 4.8957, 8.3928, 11:40:00
816, 2024-06-21 12:11:34, 6.5236, -31.8691, 23.4352, 803.5423, 6.8044, 0.0000, 4.9716, 8.4271, 11:45:00
816, 2024-06-21 12:16:34, 6.0237, -22.4095, 23.4352, 803.5423, 6.7931, 0.0000, 5.0466, 8.4625, 11:50:00
816, 2024-06-21 12:21:34, 5.7028, -11.6157, 23.4352, 803.5423, 6.7832, 0.0000, 5.1205, 8.4989, 11:55:00
816, 2024-06-21 12:26:34, 5.5917, 0.0002, 23.4352, 803.5423, 6.7747, 0.0000, 5.1932, 8.5361, 12:00:00
816, 2024-06-21 12:31:34, 5.7028, 11.6161, 23.4351, 803.5423, 6.7674, 0.0000, 5.2646, 8.5741, 12:05:00
816, 2024-06-21 12:36:34, 6.0238, 22.4096, 23.4351, 803.5423, 6.7616, 0.0000, 5.3346, 8.6127, 12:10:00
816, 2024-06-21 12:41:34, 6.5237, 31.8689, 23.4351, 803.5423, 6.7572, 0.0000, 5.4031, 8.6518, 12:15:00
816, 2024-06-21 12:46:34, 7.1651, 39.8573, 23.4351, 803.5423, 6.7542, 0.0000, 5.4700, 8.6913, 12:20:00
816, 2024-06-21 12:51:34, 7.9137, 46.4869, 23.4351, 803.5423, 6.7525, 0.0000, 5.5351, 8.7312, 12:25:00
816, 2024-06-21 12:56:34, 8.7419, 51.9692, 23.4350, 803.5423, 6.7523, 0.0000, 5.5984, 8.7713, 12:30:00
816, 2024-06-21 13:01:34, 9.6291, 56.5242, 23.4350, 803.5423, 6.7535, 0.0000, 5.6597, 8.8115, 12:35:00
816, 2024-06-21 13:06:34, 10.5603, 60.3436, 23.4350, 803.5423, 6.7562, 0.0000, 5.7190, 8.8517, 12:40:00
816, 2024-06-21 13:11:34, 11.5249, 63.5818, 23.4350, 803.5423, 6.7602, 0.0000, 5.7762, 8.8918, 12:45:00
816, 2024-06-21 13:16:34, 12.5151, 66.3593, 23.4349, 803.5423, 6.7657, 0.0000, 5.8311, 8.9318, 12:50:00
816, 2024-06-21 13:21:34, 13.5250, 68.7690, 23.4349, 803.5423, 6.7726, 0.0000, 5.8838, 8.9714, 12:55:00
816, 2024-06-21 13:26:34, 14.5506, 70.8825, 23.4349, 803.5423, 6.7809, 0.0000, 5.9340, 9.0108, 13:00:00
816, 2024-06-21 13:31:34, 15.5887, 72.7550, 23.4349, 803.5423, 6.7907, 0.0000, 5.9819, 9.0496, 13:05:00
816, 2024-06-21 13:36:34, 16.6368, 74.4298, 23.4348, 803.5423, 6.8018, 0.0000, 6.0271, 9.0880, 13:10:00
816, 2024-06-21 13:41:34, 17.6930, 75.9406, 23.4348, 803.5423, 6.8144, 0.0000, 6.0698, 9.1257, 13:15:00
816, 2024-06-21 13:46:34, 18.7560, 77.3145, 23.4348, 803.5423, 6.8284, 0.0000, 6.1099, 9.1628, 13:20:00
816, 2024-06-21 13:51:34, 19.8244, 78.5729, 23.4348, 803.5423, 6.8437, 0.0000, 6.1472, 9.1992, 13:25:00
816, 2024-06-21 13:56:34, 20.8974, 79.7333, 23.4347, 803.5423, 6.8605, 0.0000, 6.1818, 9.2348, 13:30:00
816, 2024-06-21 14:01:34, 21.9742, 80.8099, 23.4347, 803.5423, 6.8786, 0.0000, 6.2136, 9.2695, 13:35:00
816, 2024-06-21 14:06:34, 23.0542, 81.8145, 23.4347, 803.5423, 6.8980, 0.0000, 6.2425, 9.3033, 13:40:00
816, 2024-06-21 14:11:34, 24.1368, 82.7567, 23.4347, 803.5423, 6.9188, 0.0000, 6.2685, 9.3362, 13:45:00
816, 2024-06-21 14:16:34, 25.2216, 83.6446, 23.4346, 803.5423, 6.9409, 0.0000, 6.2917, 9.3681, 13:50:00
816, 2024-06-21 14:21:34, 26.3083, 84.4851, 23.4346, 803.5423, 6.9643, 0.0000, 6.3118, 9.3990, 13:55:00
816, 2024-06-21 14:26:34, 27.3964, 85.2839, 23.4346, 803.5423, 6.9890, 0.0000, 6.3290, 9.4288, 14:00:00
816, 2024-06-21 14:31:34, 28.4857, 86.0460, 23.4346, 803.5423, 7.0149, 0.0000, 6.3433, 9.4575, 14:05:00
816, 2024-06-21 14:36:34, 29.5761, 86.7757, 23.4346, 803.5423, 7.0420, 0.0000, 6.3544, 9.4852, 14:10:00
816, 2024-06-21 14:41:34, 30.6671, 87.4765, 23.4345, 803.5423, 7.0703, 0.0000, 6.3626, 9.5117, 14:15:00
816, 2024-06-21 14:46:34, 31.7588, 88.1517, 23.4345, 803.5423, 7.0998, 0.0000, 6.3677, 9.5370, 14:20:00
816, 2024-06-21 14:51:34, 32.8508, 88.8040, 23.4345, 803.5423, 7.1304, 0.0000, 6.3698, 9.5612, 14:25:00
816, 2024-06-21 14:56:34, 33.9431, 89.4359, 23.4345, 803.5423, 7.1621, 0.0000, 6.3688, 9.5842, 14:30:00
816, 2024-06-21 15:01:34, 35.0355, 90.0495, 23.4344, 803.5423, 7.1948, 0.0000, 6.3647, 9.6059, 14:35:00
816, 2024-06-21 15:06:34, 36.1279, 90.6467, 23.4344, 803.5423, 7.2286, 0.0000, 6.3575, 9.6265, 14:40:00
816, 2024-06-21 15:11:34, 37.2201, 91.2291, 23.4344, 803.5423, 7.2634, 0.0000, 6.3473, 9.6459, 14:45:00
816, 2024-06-21 15:16:34, 38.3121, 91.7983, 23.4344, 803.5423, 7.2991, 0.0000, 6.3340, 9.6641, 14:50:00
816, 2024-06-21 15:21:34, 39.4038, 92.3556, 23.4343, 803.5423, 7.3357, 0.0000, 6.3176, 9.6811, 14:55:00
816, 2024-06-21 15:26:34, 40.4949, 92.9022, 23.4343, 803.5423, 7.3732, 0.0000, 6.2981, 9.6969, 15:00:00
816, 2024-06-21 15:31:34, 41.5856, 93.4392, 23.4343, 803.5423, 7.4115, 0.0000, 6.2755, 9.7115, 15:05:00
816, 2024-06-21 15:36:34, 42.6756, 93.9677, 23.4342, 803.5423, 7.4506, 0.0000, 6.2499, 9.7248, 15:10:00
816, 2024-06-21 15:41:34, 43.7649, 94.4884, 23.4342, 803.5423, 7.4904, 0.0000, 6.2212, 9.7370, 15:15:00
816, 2024-06-21 15:46:34, 44.8534, 95.0023, 23.4342, 803.5423, 7.5308, 0.0000, 6.1895, 9.7480, 15:20:00
816, 2024-06-21 15:51:34, 45.9411, 95.5100, 23.4342, 803.5423, 7.5719, 0.0000, 6.1547, 9.7578, 15:25:00
816, 2024-06-21 15:56:34, 47.0278, 96.0124, 23.4341, 803.5423, 7.6136, 0.0000, 6.1168, 9.7664, 15:30:00
816, 2024-06-21 16:01:34, 48.1135, 96.5099, 23.4341, 803.5423, 7.6558, 0.0000, 6.0759, 9.7738, 15:35:00
816, 2024-06-21 16:06:34, 49.1980, 97.0033, 23.4341, 803.5423, 7.6984, 0.0000, 6.0319, 9.7800, 15:40:00
816, 2024-06-21 16:11:34, 50.2814, 97.4931, 23.4341, 803.5423, 7.7414, 0.0000, 5.9849, 9.7851, 15:45:00
816, 2024-06-21 16:16:34, 51.3636, 97.9797, 23.4340, 803.5423, 7.7848, 0.0000, 5.9349, 9.7890, 15:50:00
816, 2024-06-21 16:21:34, 52.4444, 98.4637, 23.4340, 803.5423, 7.8284, 0.0000, 5.8818, 9.7918, 15:55:00
816, 2024-06-21 16:26:34, 53.5239, 98.9455, 23.4340, 803.5423, 7.8722, 0.0000, 5.8258, 9.7934, 16:00:00
816, 2024-06-21 16:31:34, 54.6019, 99.4256, 23.4340, 803.5423, 7.9162, 0.0000, 5.7667, 9.7939, 16:05:00
816, 2024-06-21 16:36:34, 55.6783, 99.9044, 23.4339, 803.5423, 7.9602, 0.0000, 5.7046, 9.7932, 16:10:00
816, 2024-06-21 16:41:34, 56.7531, 100.3821, 23.4339, 803.5423, 8.0042, 0.0000, 5.6394, 9.7914, 16:15:00
816, 2024-06-21 16:46:34, 57.8262, 100.8593, 23.4339, 803.5423, 8.0482, 0.0000, 5.5713, 9.7884, 16:20:00
816, 2024-06-21 16:51:34, 58.8976, 101.3363, 23.4339, 803.5423, 8.0920, 0.0000, 5.5002, 9.7843, 16:25:00
816, 2024-06-21 16:56:34, 59.9671, 101.8134, 23.4338, 803.5423, 8.1356, 0.0000, 5.4261, 9.7791, 16:30:00
816, 2024-06-21 17:01:34, 61.0346, 102.2909, 23.4338, 803.5423, 8.1789, 0.0000, 5.3490, 9.7727, 16:35:00
816, 2024-06-21 17:06:34, 62.1002, 102.7691, 23.4338, 803.5423, 8.2218, 0.0000, 5.2689, 9.7652, 16:40:00
816, 2024-06-21 17:11:34, 63.1636, 103.2483, 23.4337, 803.5423, 8.2642, 0.0000, 5.1858, 9.7565, 16:45:00
816, 2024-06-21 17:16:34, 64.2249, 103.7289, 23.4337, 803.5423, 8.3061, 0.0000, 5.0998, 9.7467, 16:50:00
816, 2024-06-21 17:21:34, 65.2838, 104.2112, 23.4337, 803.5423, 8.3473, 0.0000, 5.0108, 9.7358, 16:55:00
816, 2024-08-03 07:46:43, 65.3993, -96.8610, 17.2626, 803.5423, 8.9209, 0.0000, 2.5537, 9.2792, 07:16:00
816, 2024-08-03 07:51:43, 64.3155, -96.3122, 17.2617, 803.5423, 8.8842, 0.0000, 2.5495, 9.2428, 07:21:00
816, 2024-08-03 07:56:43, 63.2304, -95.7612, 17.2607, 803.5423, 8.8469, 0.0000, 2.5479, 9.2065, 07:26:00
816, 2024-08-03 08:01:43, 62.1441, -95.2075, 17.2598, 803.5423, 8.8091, 0.0000, 2.5487, 9.1704, 07:31:00
816, 2024-08-03 08:06:43, 61.0568, -94.6507, 17.2589, 803.5423, 8.7707, 0.0000, 2.5521, 9.1345, 07:36:00
816, 2024-08-03 08:11:43, 59.9685, -94.0902, 17.2580, 803.5423, 8.7319, 0.0000, 2.5580, 9.0989, 07:41:00
816, 2024-08-03 08:16:43, 58.8793, -93.5254, 17.2570, 803.5423, 8.6927, 0.0000, 2.5663, 9.0636, 07:46:00
816, 2024-08-03 08:21:43, 57.7895, -92.9559, 17.2561, 803.5423, 8.6532, 0.0000, 2.5772, 9.0288, 07:51:00
816, 2024-08-03 08:26:43, 56.6990, -92.3810, 17.2552, 803.5423, 8.6134, 0.0000, 2.5904, 8.9945, 07:56:00
816, 2024-08-03 08:30:43, 55.8262, -91.9168, 17.2545, 803.5423, 8.5814, 0.0000, 2.6028, 8.9674, 08:00:00
816, 2024-08-03 08:35:43, 54.7349, -91.3306, 17.2535, 803.5423, 8.5412, 0.0000, 2.6204, 8.9341, 08:05:00
816, 2024-08-03 08:40:43, 53.6432, -90.7372, 17.2526, 803.5423, 8.5008, 0.0000, 2.6403, 8.9014, 08:10:00
816, 2024-08-03 08:45:43, 52.5514, -90.1358, 17.2517, 803.5423, 8.4604, 0.0000, 2.6627, 8.8695, 08:15:00
816, 2024-08-03 08:50:43, 51.4595, -89.5256, 17.2508, 803.5423, 8.4199, 0.0000, 2.6873, 8.8383, 08:20:00
816, 2024-08-03 08:55:43, 50.3677, -88.9057, 17.2498, 803.5423, 8.3793, 0.0000, 2.7143, 8.8080, 08:25:00
816, 2024-08-03 09:00:43, 49.2760, -88.2753, 17.2489, 803.5423, 8.3389, 0.0000, 2.7435, 8.7786, 08:30:00
816, 2024-08-03 09:05:43, 48.1847, -87.6334, 17.2480, 803.5423, 8.2985, 0.0000, 2.7749, 8.7501, 08:35:00
816, 2024-08-03 09:10:43, 47.0939, -86.9788, 17.2471, 803.5423, 8.2582, 0.0000, 2.8085, 8.7227, 08:40:00
816, 2024-08-03 09:15:43, 46.0037, -86.3105, 17.2462, 803.5423, 8.2181, 0.0000, 2.8442, 8.6964, 08:45:00
816, 2024-08-03 09:20:43, 44.9143, -85.6271, 17.2452, 803.5423, 8.1782, 0.0000, 2.8821, 8.6712, 08:50:00
816, 2024-08-03 09:25:43, 43.8259, -84.9273, 17.2443, 803.5423, 8.1386, 0.0000, 2.9220, 8.6473, 08:55:00
816, 2024-08-03 09:30:43, 42.7387, -84.2097, 17.2434, 803.5423, 8.0993, 0.0000, 2.9640, 8.6246, 09:00:00
816, 2024-08-03 09:35:43, 41.6528, -83.4725, 17.2425, 803.5423, 8.0603, 0.0000, 3.0079, 8.6032, 09:05:00
816, 2024-08-03 09:40:43, 40.5686, -82.7141, 17.2415, 803.5423, 8.0217, 0.0000, 3.0537, 8.5833, 09:10:00
816, 2024-08-03 09:45:43, 39.4862, -81.9324, 17.2406, 803.5423, 7.9835, 0.0000, 3.1015, 8.5648, 09:15:00
816, 2024-08-03 09:50:43, 38.4060, -81.1253, 17.2397, 803.5423, 7.9458, 0.0000, 3.1510, 8.5477, 09:20:00
816, 2024-08-03 09:55:43, 37.3281, -80.2905, 17.2388, 803.5423, 7.9085, 0.0000, 3.2023, 8.5322, 09:25:00
816, 2024-08-03 10:00:43, 36.2530, -79.4252, 17.2378, 803.5423, 7.8718, 0.0000, 3.2552, 8.5183, 09:30:00
816, 2024-08-03 10:05:43, 35.1809, -78.5266, 17.2369, 803.5423, 7.8357, 0.0000, 3.3099, 8.5060, 09:35:00
816, 2024-08-03 10:10:43, 34.1123, -77.5914, 17.2360, 803.5423, 7.8001, 0.0000, 3.3660, 8.4954, 09:40:00
816, 2024-08-03 10:15:43, 33.0476, -76.6159, 17.2351, 803.5423, 7.7652, 0.0000, 3.4237, 8.4865, 09:45:00
816, 2024-08-03 10:20:43, 31.9874, -75.5962, 17.2341, 803.5423, 7.7310, 0.0000, 3.4829, 8.4793, 09:50:00
816, 2024-08-03 10:25:43, 30.9321, -74.5276, 17.2332, 803.5423, 7.6975, 0.0000, 3.5433, 8.4739, 09:55:00
816, 2024-08-03 10:30:43, 29.8823, -73.4052, 17.2323, 803.5423, 7.6647, 0.0000, 3.6051, 8.4702, 10:00:00
816, 2024-08-03 10:35:43, 28.8388, -72.2230, 17.2314, 803.5423, 7.6327, 0.0000, 3.6680, 8.4683, 10:05:00
816, 2024-08-03 10:40:43, 27.8025, -70.9746, 17.2304, 803.5423, 7.6015, 0.0000, 3.7321, 8.4682, 10:10:00
816, 2024-08-03 10:45:43, 26.7741, -69.6527, 17.2295, 803.5423, 7.5711, 0.0000, 3.7972, 8.4700, 10:15:00
816, 2024-08-03 10:50:43, 25.7547, -68.2489, 17.2286, 803.5423, 7.5416, 0.0000, 3.8633, 8.4735, 10:20:00
816, 2024-08-03 10:55:43, 24.7457, -66.7539, 17.2277, 803.5423, 7.5130, 0.0000, 3.9302, 8.4789, 10:25:00
816, 2024-08-03 11:00:43, 23.7482, -65.1568, 17.2267, 803.5423, 7.4853, 0.0000, 3.9979, 8.4860, 10:30:00
816, 2024-08-03 11:05:43, 22.7641, -63.4456, 17.2258, 803.5423, 7.4585, 0.0000, 4.0663, 8.4950, 10:35:00
816, 2024-08-03 11:10:43, 21.7950, -61.6065, 17.2249, 803.5423, 7.4328, 0.0000, 4.1353, 8.5057, 10:40:00
816, 2024-08-03 11:15:43, 20.8434, -59.6240, 17.2240, 803.5423, 7.4080, 0.0000, 4.2047, 8.5181, 10:45:00
816, 2024-08-03 11:20:43, 19.9116, -57.4804, 17.2231, 803.5423, 7.3843, 0.0000, 4.2745, 8.5322, 10:50:00
816, 2024-08-03 11:25:43, 19.0028, -55.1561, 17.2221, 803.5423, 7.3616, 0.0000, 4.3446, 8.5480, 10:55:00
816, 2024-08-03 11:30:43, 18.1205, -52.6295, 17.2212, 803.5423, 7.3400, 0.0000, 4.4148, 8.5654, 11:00:00
816, 2024-08-03 11:35:43, 17.2687, -49.8768, 17.2203, 803.5423, 7.3195, 0.0000, 4.4851, 8.5844, 11:05:00
816, 2024-08-03 11:40:43, 16.4523, -46.8727, 17.2194, 803.5423, 7.3001, 0.0000, 4.5553, 8.6048, 11:10:00
816, 2024-08-03 11:45:43, 15.6770, -43.5912, 17.2184, 803.5423, 7.2819, 0.0000, 4.6254, 8.6267, 11:15:00
816, 2024-08-03 11:50:43, 14.9491, -40.0068, 17.2175, 803.5423, 7.2648, 0.0000, 4.6953, 8.6501, 11:20:00
816, 2024-08-03 11:55:43, 14.2760, -36.0971, 17.2166, 803.5423, 7.2490, 0.0000, 4.7647, 8.6747, 11:25:00
816, 2024-08-03 12:00:43, 13.6659, -31.8451, 17.2157, 803.5423, 7.2343, 0.0000, 4.8337, 8.7005, 11:30:00
816, 2024-08-03 12:05:43, 13.1275, -27.2442, 17.2147, 803.5423, 7.2208, 0.0000, 4.9020, 8.7276, 11:35:00
816, 2024-08-03 12:10:43, 12.6702, -22.3023, 17.2138, 803.5423, 7.2086, 0.0000, 4.9696, 8.7557, 11:40:00
816, 2024-08-03 12:15:43, 12.3028, -17.0463, 17.2129, 803.5423, 7.1977, 0.0000, 5.0365, 8.7848, 11:45:00
816, 2024-08-03 12:20:43, 12.0338, -11.5260, 17.2119, 803.5423, 7.1880, 0.0000, 5.1023, 8.8148, 11:50:00
816, 2024-08-03 12:25:43, 11.8698, -5.8135, 17.2110, 803.5423, 7.1796, 0.0000, 5.1671, 8.8456, 11:55:00
816, 2024-08-03 12:30:43, 11.8153, 0.0001, 17.2101, 803.5423, 7.1724, 0.0000, 5.2308, 8.8772, 12:00:00
816, 2024-08-03 12:35:43, 11.8717, 5.8128, 17.2092, 803.5423, 7.1666, 0.0000, 5.2932, 8.9095, 12:05:00
816, 2024-08-03 12:40:43, 12.0375, 11.5229, 17.2082, 803.5423, 7.1621, 0.0000, 5.3542, 8.9422, 12:10:00
816, 2024-08-03 12:45:43, 12.3082, 17.0395, 17.2073, 803.5423, 7.1589, 0.0000, 5.4138, 8.9755, 12:15:00
816, 2024-08-03 12:50:43, 12.6771, 22.2907, 17.2064, 803.5423, 7.1571, 0.0000, 5.4718, 9.0091, 12:20:00
816, 2024-08-03 12:55:43, 13.1360, 27.2273, 17.2055, 803.5423, 7.1566, 0.0000, 5.5281, 9.0430, 12:25:00
816, 2024-08-03 13:00:43, 13.6756, 31.8225, 17.2045, 803.5423, 7.1574, 0.0000, 5.5826, 9.0771, 12:30:00
816, 2024-08-03 13:05:43, 14.2870, 36.0688, 17.2036, 803.5423, 7.1595, 0.0000, 5.6353, 9.1112, 12:35:00
816, 2024-08-03 13:10:43, 14.9611, 39.9732, 17.2027, 803.5423, 7.1630, 0.0000, 5.6860, 9.1454, 12:40:00
816, 2024-08-03 13:15:43, 15.6899, 43.5524, 17.2018, 803.5423, 7.1679, 0.0000, 5.7346, 9.1796, 12:45:00
816, 2024-08-03 13:20:43, 16.4661, 46.8291, 17.2008, 803.5423, 7.1740, 0.0000, 5.7812, 9.2135, 12:50:00
816, 2024-08-03 13:25:43, 17.2832, 49.8289, 17.1999, 803.5423, 7.1815, 0.0000, 5.8255, 9.2472, 12:55:00
816, 2024-08-03 13:30:43, 18.1357, 52.5777, 17.1990, 803.5423, 7.1904, 0.0000, 5.8676, 9.2807, 13:00:00
816, 2024-08-03 13:35:43, 19.0187, 55.1007, 17.1981, 803.5423, 7.2005, 0.0000, 5.9073, 9.3137, 13:05:00
816, 2024-08-03 13:40:43, 19.9281, 57.4218, 17.1971, 803.5423, 7.2120, 0.0000, 5.9446, 9.3462, 13:10:00
816, 2024-08-03 13:45:43, 20.8604, 59.5625, 17.1962, 803.5423, 7.2248, 0.0000, 5.9795, 9.3783, 13:15:00
816, 2024-08-03 13:50:43, 21.8126, 61.5424, 17.1953, 803.5423, 7.2389, 0.0000, 6.0118, 9.4097, 13:20:00
816, 2024-08-03 13:55:43, 22.7822, 63.3792, 17.1944, 803.5423, 7.2542, 0.0000, 6.0415, 9.4405, 13:25:00
816, 2024-08-03 14:00:43, 23.7668, 65.0882, 17.1934, 803.5423, 7.2709, 0.0000, 6.0685, 9.4706, 13:30:00
816, 2024-08-03 14:05:43, 24.7647, 66.6833, 17.1925, 803.5423, 7.2887, 0.0000, 6.0929, 9.4999, 13:35:00
816, 2024-08-03 14:10:43, 25.7743, 68.1766, 17.1916, 803.5423, 7.3078, 0.0000, 6.1145, 9.5285, 13:40:00
816, 2024-08-03 14:15:43, 26.7941, 69.5787, 17.1907, 803.5423, 7.3281, 0.0000, 6.1334, 9.5561, 13:45:00
816, 2024-08-03 14:20:43, 27.8229, 70.8991, 17.1897, 803.5423, 7.3496, 0.0000, 6.1494, 9.5829, 13:50:00
816, 2024-08-03 14:25:43, 28.8598, 72.1461, 17.1888, 803.5423, 7.3723, 0.0000, 6.1626, 9.6087, 13:55:00
816, 2024-08-03 14:30:43, 29.9037, 73.3270, 17.1879, 803.5423, 7.3960, 0.0000, 6.1729, 9.6336, 14:00:00
816, 2024-08-03 14:35:43, 30.9539, 74.4483, 17.1869, 803.5423, 7.4209, 0.0000, 6.1803, 9.6575, 14:05:00
816, 2024-08-03 14:40:43, 32.0097, 75.5157, 17.1860, 803.5423, 7.4469, 0.0000, 6.1848, 9.6803, 14:10:00
816, 2024-08-03 14:45:43, 33.0704, 76.5344, 17.1851, 803.5423, 7.4739, 0.0000, 6.1863, 9.7021, 14:15:00
816, 2024-08-03 14:50:43, 34.1356, 77.5088, 17.1842, 803.5423, 7.5019, 0.0000, 6.1849, 9.7227, 14:20:00
816, 2024-08-03 14:55:43, 35.2047, 78.4431, 17.1832, 803.5423, 7.5309, 0.0000, 6.1805, 9.7423, 14:25:00
816, 2024-08-03 15:00:43, 36.2772, 79.3408, 17.1823, 803.5423, 7.5608, 0.0000, 6.1731, 9.7608, 14:30:00
816, 2024-08-03 15:05:43, 37.3529, 80.2052, 17.1814, 803.5423, 7.5917, 0.0000, 6.1627, 9.7781, 14:35:00
816, 2024-08-03 15:10:43, 38.4313, 81.0392, 17.1805, 803.5423, 7.6234, 0.0000, 6.1492, 9.7943, 14:40:00
816, 2024-08-03 15:15:43, 39.5121, 81.8455, 17.1795, 803.5423, 7.6559, 0.0000, 6.1328, 9.8093, 14:45:00
816, 2024-08-03 15:20:43, 40.5950, 82.6263, 17.1786, 803.5423, 7.6891, 0.0000, 6.1133, 9.8232, 14:50:00
816, 2024-08-03 15:25:43, 41.6798, 83.3840, 17.1777, 803.5423, 7.7231, 0.0000, 6.0908, 9.8359, 14:55:00
816, 2024-08-03 15:30:43, 42.7663, 84.1204, 17.1767, 803.5423, 7.7578, 0.0000, 6.0653, 9.8474, 15:00:00
816, 2024-08-03 15:35:43, 43.8541, 84.8373, 17.1758, 803.5423, 7.7931, 0.0000, 6.0367, 9.8577, 15:05:00
816, 2024-08-03 15:40:43, 44.9431, 85.5363, 17.1749, 803.5423, 7.8289, 0.0000, 6.0051, 9.8668, 15:10:00
816, 2024-08-03 15:45:43, 46.0331, 86.2189, 17.1740, 803.5423, 7.8653, 0.0000, 5.9704, 9.8747, 15:15:00
816, 2024-08-03 15:50:43, 47.1239, 86.8865, 17.1730, 803.5423, 7.9022, 0.0000, 5.9327, 9.8814, 15:20:00
816, 2024-08-03 15:55:43, 48.2154, 87.5404, 17.1721, 803.5423, 7.9394, 0.0000, 5.8920, 9.8869, 15:25:00
816, 2024-08-03 16:00:43, 49.3074, 88.1816, 17.1712, 803.5423, 7.9770, 0.0000, 5.8482, 9.8912, 15:30:00
816, 2024-08-03 16:05:43, 50.3998, 88.8113, 17.1703, 803.5423, 8.0149, 0.0000, 5.8015, 9.8942, 15:35:00
816, 2024-08-03 16:10:43, 51.4923, 89.4304, 17.1693, 803.5423, 8.0530, 0.0000, 5.7517, 9.8961, 15:40:00
816, 2024-08-03 16:15:43, 52.5850, 90.0398, 17.1684, 803.5423, 8.0913, 0.0000, 5.6988, 9.8967, 15:45:00
816, 2024-08-03 16:20:43, 53.6776, 90.6405, 17.1675, 803.5423, 8.1296, 0.0000, 5.6430, 9.8962, 15:50:00
816, 2024-08-03 16:25:43, 54.7700, 91.2332, 17.1665, 803.5423, 8.1680, 0.0000, 5.5842, 9.8944, 15:55:00
816, 2024-08-03 16:30:43, 55.8621, 91.8187, 17.1656, 803.5423, 8.2063, 0.0000, 5.5224, 9.8914, 16:00:00
816, 2024-08-03 16:35:43, 56.9539, 92.3976, 17.1647, 803.5423, 8.2445, 0.0000, 5.4576, 9.8872, 16:05:00
816, 2024-08-03 16:40:43, 58.0451, 92.9706, 17.1638, 803.5423, 8.2824, 0.0000, 5.3898, 9.8817, 16:10:00
816, 2024-08-03 16:45:43, 59.1357, 93.5383, 17.1628, 803.5423, 8.3201, 0.0000, 5.3190, 9.8750, 16:15:00
816, 2024-08-03 16:50:43, 60.2255, 94.1014, 17.1619, 803.5423, 8.3575, 0.0000, 5.2453, 9.8671, 16:20:00
816, 2024-08-03 16:55:43, 61.3145, 94.6604, 17.1610, 803.5423, 8.3943, 0.0000, 5.1686, 9.8580, 16:25:00
816, 2024-08-03 17:00:43, 62.4026, 95.2158, 17.1600, 803.5423, 8.4307, 0.0000, 5.0890, 9.8475, 16:30:00
816, 2024-08-03 17:05:43, 63.4896, 95.7681, 17.1591, 803.5423, 8.4664, 0.0000, 5.0064, 9.8359, 16:35:00
816, 2024-08-03 17:10:43, 64.5755, 96.3178, 17.1582, 803.5423, 8.5014, 0.0000, 4.9209, 9.8229, 16:40:00
816, 2024-08-03 17:15:43, 65.6600, 96.8653, 17.1573, 803.5423, 8.5357, 0.0000, 4.8326, 9.8087, 16:45:00
816, 2024-08-03 17:20:43, 66.7432, 97.4112, 17.1563, 803.5423, 8.5690, 0.0000, 4.7413, 9.7932, 16:50:00
816, 2024-08-03 17:25:43, 67.8249, 97.9558, 17.1554, 803.5423, 8.6013, 0.0000, 4.6472, 9.7764, 16:55:00
816, 2024-08-21 07:56:31, 64.9313, -89.9480, 11.8083, 803.5423, 8.9890, 0.0000, 2.9348, 9.4560, 07:29:00
816, 2024-08-21 08:01:31, 63.8402, -89.3369, 11.8072, 803.5423, 8.9562, 0.0000, 2.9324, 9.4240, 07:34:00
816, 2024-08-21 08:06:31, 62.7492, -88.7197, 11.8060, 803.5423, 8.9228, 0.0000, 2.9324, 9.3922, 07:39:00
816, 2024-08-21 08:11:31, 61.6583, -88.0959, 11.8048, 803.5423, 8.8888, 0.0000, 2.9348, 9.3608, 07:44:00
816, 2024-08-21 08:16:31, 60.5677, -87.4647, 11.8037, 803.5423, 8.8544, 0.0000, 2.9396, 9.3296, 07:49:00
816, 2024-08-21 08:21:31, 59.4776, -86.8254, 11.8025, 803.5423, 8.8195, 0.0000, 2.9467, 9.2988, 07:54:00
816, 2024-08-21 08:26:31, 58.3881, -86.1774, 11.8013, 803.5423, 8.7843, 0.0000, 2.9563, 9.2684, 07:59:00
816, 2024-08-21 08:27:31, 58.1703, -86.0467, 11.8011, 803.5423, 8.7773, 0.0000, 2.9585, 9.2624, 08:00:00
816, 2024-08-21 08:32:31, 57.0817, -85.3870, 11.7999, 803.5423, 8.7417, 0.0000, 2.9708, 9.2327, 08:05:00
816, 2024-08-21 08:37:31, 55.9941, -84.7168, 11.7988, 803.5423, 8.7059, 0.0000, 2.9854, 9.2035, 08:10:00
816, 2024-08-21 08:42:31, 54.9076, -84.0352, 11.7976, 803.5423, 8.6698, 0.0000, 3.0023, 9.1750, 08:15:00
816, 2024-08-21 08:47:31, 53.8225, -83.3412, 11.7965, 803.5423, 8.6337, 0.0000, 3.0214, 9.1471, 08:20:00
816, 2024-08-21 08:52:31, 52.7388, -82.6337, 11.7953, 803.5423, 8.5974, 0.0000, 3.0428, 9.1200, 08:25:00
816, 2024-08-21 08:57:31, 51.6569, -81.9118, 11.7941, 803.5423, 8.5611, 0.0000, 3.0664, 9.0936, 08:30:00
816, 2024-08-21 09:02:31, 50.5769, -81.1742, 11.7930, 803.5423, 8.5247, 0.0000, 3.0920, 9.0682, 08:35:00
816, 2024-08-21 09:07:31, 49.4990, -80.4198, 11.7918, 803.5423, 8.4884, 0.0000, 3.1198, 9.0436, 08:40:00
816, 2024-08-21 09:12:31, 48.4236, -79.6472, 11.7906, 803.5423, 8.4522, 0.0000, 3.1497, 9.0200, 08:45:00
816, 2024-08-21 09:17:31, 47.3508, -78.8549, 11.7895, 803.5423, 8.4161, 0.0000, 3.1816, 8.9974, 08:50:00
816, 2024-08-21 09:22:31, 46.2809, -78.0415, 11.7883, 803.5423, 8.3802, 0.0000, 3.2155, 8.9759, 08:55:00
816, 2024-08-21 09:27:31, 45.2143, -77.2052, 11.7871, 803.5423, 8.3444, 0.0000, 3.2513, 8.9555, 09:00:00
816, 2024-08-21 09:32:31, 44.1512, -76.3443, 11.7860, 803.5423, 8.3090, 0.0000, 3.2890, 8.9363, 09:05:00
816, 2024-08-21 09:37:31, 43.0921, -75.4569, 11.7848, 803.5423, 8.2738, 0.0000, 3.3285, 8.9183, 09:10:00
816, 2024-08-21 09:42:31, 42.0373, -74.5407, 11.7836, 803.5423, 8.2390, 0.0000, 3.3699, 8.9015, 09:15:00
816, 2024-08-21 09:47:31, 40.9872, -73.5937, 11.7825, 803.5423, 8.2046, 0.0000, 3.4129, 8.8861, 09:20:00
816, 2024-08-21 09:52:31, 39.9422, -72.6131, 11.7813, 803.5423, 8.1706, 0.0000, 3.4577, 8.8721, 09:25:00
816, 2024-08-21 09:57:31, 38.9030, -71.5964, 11.7801, 803.5423, 8.1370, 0.0000, 3.5040, 8.8594, 09:30:00
816, 2024-08-21 10:02:31, 37.8700, -70.5406, 11.7790, 803.5423, 8.1039, 0.0000, 3.5519, 8.8481, 09:35:00
816, 2024-08-21 10:07:31, 36.8439, -69.4426, 11.7778, 803.5423, 8.0714, 0.0000, 3.6013, 8.8384, 09:40:00
816, 2024-08-21 10:12:31, 35.8252, -68.2986, 11.7766, 803.5423, 8.0394, 0.0000, 3.6521, 8.8301, 09:45:00
816, 2024-08-21 10:17:31, 34.8148, -67.1051, 11.7755, 803.5423, 8.0080, 0.0000, 3.7043, 8.8233, 09:50:00
816, 2024-08-21 10:22:31, 33.8135, -65.8578, 11.7743, 803.5423, 7.9773, 0.0000, 3.7577, 8.8180, 09:55:00
816, 2024-08-21 10:27:31, 32.8221, -64.5522, 11.7731, 803.5423, 7.9472, 0.0000, 3.8123, 8.8143, 10:00:00
816, 2024-08-21 10:32:31, 31.8417, -63.1833, 11.7720, 803.5423, 7.9179, 0.0000, 3.8681, 8.8122, 10:05:00
816, 2024-08-21 10:37:31, 30.8734, -61.7458, 11.7708, 803.5423, 7.8893, 0.0000, 3.9248, 8.8116, 10:10:00
816, 2024-08-21 10:42:31, 29.9184, -60.2338, 11.7696, 803.5423, 7.8614, 0.0000, 3.9826, 8.8126, 10:15:00
816, 2024-08-21 10:47:31, 28.9781, -58.6410, 11.7685, 803.5423, 7.8344, 0.0000, 4.0412, 8.8152, 10:20:00
816, 2024-08-21 10:52:31, 28.0541, -56.9607, 11.7673, 803.5423, 7.8081, 0.0000, 4.1006, 8.8194, 10:25:00
816, 2024-08-21 10:57:31, 27.1480, -55.1854, 11.7661, 803.5423, 7.7828, 0.0000, 4.1607, 8.8251, 10:30:00
816, 2024-08-21 11:02:31, 26.2619, -53.3075, 11.7650, 803.5423, 7.7583, 0.0000, 4.2214, 8.8324, 10:35:00
816, 2024-08-21 11:07:31, 25.3978, -51.3186, 11.7638, 803.5423, 7.7347, 0.0000, 4.2827, 8.8412, 10:40:00
816, 2024-08-21 11:12:31, 24.5582, -49.2103, 11.7626, 803.5423, 7.7121, 0.0000, 4.3443, 8.8515, 10:45:00
816, 2024-08-21 11:17:31, 23.7457, -46.9737, 11.7615, 803.5423, 7.6904, 0.0000, 4.4063, 8.8633, 10:50:00
816, 2024-08-21 11:22:31, 22.9632, -44.6001, 11.7603, 803.5423, 7.6697, 0.0000, 4.4684, 8.8765, 10:55:00
816, 2024-08-21 11:27:31, 22.2139, -42.0809, 11.7591, 803.5423, 7.6500, 0.0000, 4.5308, 8.8911, 11:00:00
816, 2024-08-21 11:32:31, 21.5014, -39.4082, 11.7580, 803.5423, 7.6314, 0.0000, 4.5931, 8.9070, 11:05:00
816, 2024-08-21 11:37:31, 20.8296, -36.5750, 11.7568, 803.5423, 7.6138, 0.0000, 4.6553, 8.9243, 11:10:00
816, 2024-08-21 11:42:31, 20.2024, -33.5762, 11.7556, 803.5423, 7.5973, 0.0000, 4.7174, 8.9428, 11:15:00
816, 2024-08-21 11:47:31, 19.6242, -30.4090, 11.7545, 803.5423, 7.5819, 0.0000, 4.7792, 8.9625, 11:20:00
816, 2024-08-21 11:52:31, 19.0996, -27.0736, 11.7533, 803.5423, 7.5676, 0.0000, 4.8406, 8.9833, 11:25:00
816, 2024-08-21 11:57:31, 18.6331, -23.5744, 11.7521, 803.5423, 7.5545, 0.0000, 4.9014, 9.0052, 11:30:00
816, 2024-08-21 12:02:31, 18.2291, -19.9200, 11.7510, 803.5423, 7.5425, 0.0000, 4.9617, 9.0281, 11:35:00
816, 2024-08-21 12:07:31, 17.8920, -16.1248, 11.7498, 803.5423, 7.5316, 0.0000, 5.0213, 9.0520, 11:40:00
816, 2024-08-21 12:12:31, 17.6255, -12.2081, 11.7486, 803.5423, 7.5219, 0.0000, 5.0801, 9.0767, 11:45:00
816, 2024-08-21 12:17:31, 17.4330, -8.1949, 11.7475, 803.5423, 7.5135, 0.0000, 5.1379, 9.1022, 11:50:00
816, 2024-08-21 12:22:31, 17.3169, -4.1146, 11.7463, 803.5423, 7.5062, 0.0000, 5.1947, 9.1284, 11:55:00
816, 2024-08-21 12:27:31, 17.2789, -0.0001, 11.7451, 803.5423, 7.5001, 0.0000, 5.2504, 9.1553, 12:00:00
816, 2024-08-21 12:32:31, 17.3193, 4.1139, 11.7440, 803.5423, 7.4953, 0.0000, 5.3049, 9.1827, 12:05:00
816, 2024-08-21 12:37:31, 17.4376, 8.1927, 11.7428, 803.5423, 7.4917, 0.0000, 5.3581, 9.2105, 12:10:00
816, 2024-08-21 12:42:31, 17.6324, 12.2035, 11.7416, 803.5423, 7.4893, 0.0000, 5.4098, 9.2388, 12:15:00
816, 2024-08-21 12:47:31, 17.9010, 16.1171, 11.7405, 803.5423, 7.4882, 0.0000, 5.4600, 9.2674, 12:20:00
816, 2024-08-21 12:52:31, 18.2402, 19.9085, 11.7393, 803.5423, 7.4883, 0.0000, 5.5087, 9.2962, 12:25:00
816, 2024-08-21 12:57:31, 18.6461, 23.5586, 11.7381, 803.5423, 7.4896, 0.0000, 5.5556, 9.3252, 12:30:00
816, 2024-08-21 13:02:31, 19.1145, 27.0532, 11.7370, 803.5423, 7.4922, 0.0000, 5.6008, 9.3543, 12:35:00
816, 2024-08-21 13:07:31, 19.6409, 30.3838, 11.7358, 803.5423, 7.4961, 0.0000, 5.6441, 9.3833, 12:40:00
816, 2024-08-21 13:12:31, 20.2206, 33.5461, 11.7346, 803.5423, 7.5012, 0.0000, 5.6854, 9.4123, 12:45:00
816, 2024-08-21 13:17:31, 20.8493, 36.5400, 11.7335, 803.5423, 7.5075, 0.0000, 5.7247, 9.4411, 12:50:00
816, 2024-08-21 13:22:31, 21.5225, 39.3684, 11.7323, 803.5423, 7.5151, 0.0000, 5.7620, 9.4698, 12:55:00
816, 2024-08-21 13:27:31, 22.2363, 42.0365, 11.7311, 803.5423, 7.5239, 0.0000, 5.7970, 9.4981, 13:00:00
816, 2024-08-21 13:32:31, 22.9867, 44.5513, 11.7300, 803.5423, 7.5339, 0.0000, 5.8298, 9.5261, 13:05:00
816, 2024-08-21 13:37:31, 23.7704, 46.9207, 11.7288, 803.5423, 7.5451, 0.0000, 5.8603, 9.5536, 13:10:00
816, 2024-08-21 13:42:31, 24.5840, 49.1533, 11.7276, 803.5423, 7.5575, 0.0000, 5.8885, 9.5807, 13:15:00
816, 2024-08-21 13:47:31, 25.4246, 51.2579, 11.7265, 803.5423, 7.5711, 0.0000, 5.9142, 9.6072, 13:20:00
816, 2024-08-21 13:52:31, 26.2896, 53.2432, 11.7253, 803.5423, 7.5858, 0.0000, 5.9374, 9.6331, 13:25:00
816, 2024-08-21 13:57:31, 27.1766, 55.1179, 11.7241, 803.5423, 7.6017, 0.0000, 5.9581, 9.6584, 13:30:00
816, 2024-08-21 14:02:31, 28.0834, 56.8901, 11.7230, 803.5423, 7.6187, 0.0000, 5.9763, 9.6830, 13:35:00
816, 2024-08-21 14:07:31, 29.0083, 58.5676, 11.7218, 803.5423, 7.6368, 0.0000, 5.9918, 9.7068, 13:40:00
816, 2024-08-21 14:12:31, 29.9493, 60.1577, 11.7206, 803.5423, 7.6560, 0.0000, 6.0046, 9.7299, 13:45:00
816, 2024-08-21 14:17:31, 30.9051, 61.6671, 11.7195, 803.5423, 7.6762, 0.0000, 6.0148, 9.7520, 13:50:00
816, 2024-08-21 14:22:31, 31.8741, 63.1023, 11.7183, 803.5423, 7.6975, 0.0000, 6.0222, 9.7734, 13:55:00
816, 2024-08-21 14:27:31, 32.8552, 64.4689, 11.7171, 803.5423, 7.7198, 0.0000, 6.0269, 9.7938, 14:00:00
816, 2024-08-21 14:32:31, 33.8473, 65.7724, 11.7160, 803.5423, 7.7430, 0.0000, 6.0287, 9.8132, 14:05:00
816, 2024-08-21 14:37:31, 34.8493, 67.0177, 11.7148, 803.5423, 7.7672, 0.0000, 6.0278, 9.8317, 14:10:00
816, 2024-08-21 14:42:31, 35.8604, 68.2094, 11.7136, 803.5423, 7.7923, 0.0000, 6.0239, 9.8492, 14:15:00
816, 2024-08-21 14:47:31, 36.8797, 69.3515, 11.7125, 803.5423, 7.8182, 0.0000, 6.0173, 9.8657, 14:20:00
816, 2024-08-21 14:52:31, 37.9065, 70.4479, 11.7113, 803.5423, 7.8449, 0.0000, 6.0077, 9.8811, 14:25:00
816, 2024-08-21 14:57:31, 38.9402, 71.5020, 11.7101, 803.5423, 7.8725, 0.0000, 5.9953, 9.8954, 14:30:00
816, 2024-08-21 15:02:31, 39.9801, 72.5171, 11.7090, 803.5423, 7.9008, 0.0000, 5.9799, 9.9086, 14:35:00
816, 2024-08-21 15:07:31, 41.0257, 73.4962, 11.7078, 803.5423, 7.9297, 0.0000, 5.9616, 9.9208, 14:40:00
816, 2024-08-21 15:12:31, 42.0764, 74.4418, 11.7066, 803.5423, 7.9594, 0.0000, 5.9404, 9.9318, 14:45:00
816, 2024-08-21 15:17:31, 43.1319, 75.3565, 11.7055, 803.5423, 7.9896, 0.0000, 5.9162, 9.9416, 14:50:00
816, 2024-08-21 15:22:31, 44.1918, 76.2426, 11.7043, 803.5423, 8.0204, 0.0000, 5.8891, 9.9503, 14:55:00
816, 2024-08-21 15:27:31, 45.2555, 77.1022, 11.7031, 803.5423, 8.0517, 0.0000, 5.8590, 9.9578, 15:00:00
816, 2024-08-21 15:32:31, 46.3229, 77.9371, 11.7020, 803.5423, 8.0834, 0.0000, 5.8260, 9.9641, 15:05:00
816, 2024-08-21 15:37:31, 47.3935, 78.7493, 11.7008, 803.5423, 8.1156, 0.0000, 5.7900, 9.9693, 15:10:00
816, 2024-08-21 15:42:31, 48.4670, 79.5403, 11.6996, 803.5423, 8.1480, 0.0000, 5.7511, 9.9732, 15:15:00
816, 2024-08-21 15:47:31, 49.5432, 80.3118, 11.6984, 803.5423, 8.1808, 0.0000, 5.7092, 9.9760, 15:20:00
816, 2024-08-21 15:52:31, 50.6219, 81.0650, 11.6973, 803.5423, 8.2137, 0.0000, 5.6644, 9.9775, 15:25:00
816, 2024-08-21 15:57:31, 51.7026, 81.8014, 11.6961, 803.5423, 8.2469, 0.0000, 5.6166, 9.9778, 15:30:00
816, 2024-08-21 16:02:31, 52.7854, 82.5221, 11.6949, 803.5423, 8.2801, 0.0000, 5.5658, 9.9769, 15:35:00
816, 2024-08-21 16:07:31, 53.8698, 83.2284, 11.6938, 803.5423, 8.3133, 0.0000, 5.5121, 9.9747, 15:40:00
816, 2024-08-21 16:12:31, 54.9558, 83.9213, 11.6926, 803.5423, 8.3464, 0.0000, 5.4555, 9.9712, 15:45:00
816, 2024-08-21 16:17:31, 56.0432, 84.6018, 11.6914, 803.5423, 8.3795, 0.0000, 5.3960, 9.9666, 15:50:00
816, 2024-08-21 16:22:31, 57.1316, 85.2708, 11.6903, 803.5423, 8.4124, 0.0000, 5.3335, 9.9606, 15:55:00
816, 2024-08-21 16:27:31, 58.2211, 85.9293, 11.6891, 803.5423, 8.4449, 0.0000, 5.2681, 9.9534, 16:00:00
816, 2024-08-21 16:32:31, 59.3114, 86.5780, 11.6879, 803.5423, 8.4772, 0.0000, 5.1999, 9.9449, 16:05:00
816, 2024-08-21 16:37:31, 60.4023, 87.2178, 11.6868, 803.5423, 8.5090, 0.0000, 5.1287, 9.9351, 16:10:00
816, 2024-08-21 16:42:31, 61.4938, 87.8494, 11.6856, 803.5423, 8.5403, 0.0000, 5.0547, 9.9240, 16:15:00
816, 2024-08-21 16:47:31, 62.5856, 88.4735, 11.6844, 803.5423, 8.5710, 0.0000, 4.9779, 9.9116, 16:20:00
816, 2024-08-21 16:52:31, 63.6776, 89.0907, 11.6833, 803.5423, 8.6010, 0.0000, 4.8982, 9.8979, 16:25:00
816, 2024-08-21 16:57:31, 64.7697, 89.7018, 11.6821, 803.5423, 8.6302, 0.0000, 4.8157, 9.8829, 16:30:00
816, 2024-08-21 17:02:31, 65.8618, 90.3073, 11.6809, 803.5423, 8.6586, 0.0000, 4.7304, 9.8665, 16:35:00
816, 2024-08-21 17:07:31, 66.9536, 90.9078, 11.6797, 803.5423, 8.6860, 0.0000, 4.6423, 9.8488, 16:40:00
816, 2024-08-21 17:12:31, 68.0451, 91.5038, 11.6786, 803.5423, 8.7124, 0.0000, 4.5515, 9.8296, 16:45:00
816, 2024-08-21 17:17:31, 69.1361, 92.0959, 11.6774, 803.5423, 8.7376, 0.0000, 4.4580, 9.8091, 16:50:00
816, 2024-08-21 17:22:31, 70.2264, 92.6847, 11.6762, 803.5423, 8.7616, 0.0000, 4.3618, 9.7872, 16:55:00
816, 2024-09-06 08:04:39, 64.7778, -82.7168, 6.0980, 803.5423, 9.0543, 0.0000, 3.3072, 9.6394, 07:42:00
816, 2024-09-06 08:09:39, 63.6964, -82.0389, 6.0967, 803.5423, 9.0256, 0.0000, 3.3064, 9.6122, 07:47:00
816, 2024-09-06 08:14:39, 62.6167, -81.3511, 6.0954, 803.5423, 8.9964, 0.0000, 3.3078, 9.5853, 07:52:00
816, 2024-09-06 08:19:39, 61.5389, -80.6526, 6.0941, 803.5423, 8.9667, 0.0000, 3.3115, 9.5587, 07:57:00
816, 2024-09-06 08:22:39, 60.8932, -80.2280, 6.0934, 803.5423, 8.9487, 0.0000, 3.3148, 9.5429, 08:00:00
816, 2024-09-06 08:27:39, 59.8188, -79.5107, 6.0921, 803.5423, 8.9183, 0.0000, 3.3221, 9.5170, 08:05:00
816, 2024-09-06 08:32:39, 58.7469, -78.7805, 6.0908, 803.5423, 8.8876, 0.0000, 3.3315, 9.4915, 08:10:00
816, 2024-09-06 08:37:39, 57.6776, -78.0364, 6.0895, 803.5423, 8.8566, 0.0000, 3.3431, 9.4665, 08:15:00
816, 2024-09-06 08:42:39, 56.6113, -77.2776, 6.0882, 803.5423, 8.8253, 0.0000, 3.3569, 9.4421, 08:20:00
816, 2024-09-06 08:47:39, 55.5481, -76.5029, 6.0869, 803.5423, 8.7938, 0.0000, 3.3727, 9.4184, 08:25:00
816, 2024-09-06 08:52:39, 54.4884, -75.7113, 6.0856, 803.5423, 8.7622, 0.0000, 3.3906, 9.3953, 08:30:00
816, 2024-09-06 08:57:39, 53.4324, -74.9016, 6.0843, 803.5423, 8.7304, 0.0000, 3.4106, 9.3729, 08:35:00
816, 2024-09-06 09:02:39, 52.3805, -74.0726, 6.0830, 803.5423, 8.6986, 0.0000, 3.4325, 9.3514, 08:40:00
816, 2024-09-06 09:07:39, 51.3329, -73.2229, 6.0817, 803.5423, 8.6668, 0.0000, 3.4564, 9.3306, 08:45:00
816, 2024-09-06 09:12:39, 50.2900, -72.3512, 6.0804, 803.5423, 8.6350, 0.0000, 3.4823, 9.3107, 08:50:00
816, 2024-09-06 09:17:39, 49.2522, -71.4560, 6.0791, 803.5423, 8.6033, 0.0000, 3.5100, 9.2918, 08:55:00
816, 2024-09-06 09:22:39, 48.2199, -70.5356, 6.0778, 803.5423, 8.5717, 0.0000, 3.5395, 9.2738, 09:00:00
816, 2024-09-06 09:27:39, 47.1935, -69.5885, 6.0765, 803.5423, 8.5403, 0.0000, 3.5709, 9.2568, 09:05:00
816, 2024-09-06 09:32:39, 46.1735, -68.6128, 6.0752, 803.5423, 8.5091, 0.0000, 3.6039, 9.2409, 09:10:00
816, 2024-09-06 09:37:39, 45.1604, -67.6066, 6.0739, 803.5423, 8.4782, 0.0000, 3.6387, 9.2260, 09:15:00
816, 2024-09-06 09:42:39, 44.1547, -66.5678, 6.0726, 803.5423, 8.4475, 0.0000, 3.6750, 9.2123, 09:20:00
816, 2024-09-06 09:47:39, 43.1570, -65.4944, 6.0713, 803.5423, 8.4172, 0.0000, 3.7130, 9.1997, 09:25:00
816, 2024-09-06 09:52:39, 42.1679, -64.3838, 6.0700, 803.5423, 8.3872, 0.0000, 3.7524, 9.1884, 09:30:00
816, 2024-09-06 09:57:39, 41.1881, -63.2338, 6.0687, 803.5423, 8.3576, 0.0000, 3.7933, 9.1782, 09:35:00
816, 2024-09-06 10:02:39, 40.2185, -62.0417, 6.0674, 803.5423, 8.3285, 0.0000, 3.8356, 9.1693, 09:40:00
816, 2024-09-06 10:07:39, 39.2596, -60.8046, 6.0661, 803.5423, 8.2999, 0.0000, 3.8792, 9.1617, 09:45:00
816, 2024-09-06 10:12:39, 38.3125, -59.5197, 6.0648, 803.5423, 8.2718, 0.0000, 3.9241, 9.1554, 09:50:00
816, 2024-09-06 10:17:39, 37.3781, -58.1839, 6.0635, 803.5423, 8.2442, 0.0000, 3.9701, 9.1504, 09:55:00
816, 2024-09-06 10:22:39, 36.4574, -56.7937, 6.0622, 803.5423, 8.2173, 0.0000, 4.0172, 9.1467, 10:00:00
816, 2024-09-06 10:27:39, 35.5516, -55.3459, 6.0609, 803.5423, 8.1909, 0.0000, 4.0654, 9.1443, 10:05:00
816, 2024-09-06 10:32:39, 34.6617, -53.8368, 6.0596, 803.5423, 8.1652, 0.0000, 4.1145, 9.1433, 10:10:00
816, 2024-09-06 10:37:39, 33.7893, -52.2628, 6.0583, 803.5423, 8.1402, 0.0000, 4.1645, 9.1436, 10:15:00
816, 2024-09-06 10:42:39, 32.9356, -50.6198, 6.0570, 803.5423, 8.1159, 0.0000, 4.2153, 9.1453, 10:20:00
816, 2024-09-06 10:47:39, 32.1023, -48.9041, 6.0557, 803.5423, 8.0923, 0.0000, 4.2668, 9.1483, 10:25:00
816, 2024-09-06 10:52:39, 31.2910, -47.1117, 6.0544, 803.5423, 8.0695, 0.0000, 4.3190, 9.1526, 10:30:00
816, 2024-09-06 10:57:39, 30.5035, -45.2387, 6.0531, 803.5423, 8.0475, 0.0000, 4.3717, 9.1583, 10:35:00
816, 2024-09-06 11:02:39, 29.7417, -43.2814, 6.0518, 803.5423, 8.0264, 0.0000, 4.4248, 9.1652, 10:40:00
816, 2024-09-06 11:07:39, 29.0077, -41.2360, 6.0505, 803.5423, 8.0061, 0.0000, 4.4783, 9.1734, 10:45:00
816, 2024-09-06 11:12:39, 28.3038, -39.0995, 6.0492, 803.5423, 7.9866, 0.0000, 4.5320, 9.1829, 10:50:00
816, 2024-09-06 11:17:39, 27.6322, -36.8689, 6.0479, 803.5423, 7.9681, 0.0000, 4.5860, 9.1936, 10:55:00
816, 2024-09-06 11:22:39, 26.9954, -34.5422, 6.0466, 803.5423, 7.9505, 0.0000, 4.6400, 9.2054, 11:00:00
816, 2024-09-06 11:27:39, 26.3959, -32.1181, 6.0453, 803.5423, 7.9339, 0.0000, 4.6940, 9.2184, 11:05:00
816, 2024-09-06 11:32:39, 25.8365, -29.5961, 6.0440, 803.5423, 7.9182, 0.0000, 4.7479, 9.2325, 11:10:00
816, 2024-09-06 11:37:39, 25.3196, -26.9773, 6.0427, 803.5423, 7.9035, 0.0000, 4.8016, 9.2477, 11:15:00
816, 2024-09-06 11:42:39, 24.8482, -24.2640, 6.0414, 803.5423, 7.8898, 0.0000, 4.8550, 9.2638, 11:20:00
816, 2024-09-06 11:47:39, 24.4247, -21.4601, 6.0401, 803.5423, 7.8771, 0.0000, 4.9080, 9.2810, 11:25:00
816, 2024-09-06 11:52:39, 24.0518, -18.5713, 6.0388, 803.5423, 7.8654, 0.0000, 4.9604, 9.2990, 11:30:00
816, 2024-09-06 11:57:39, 23.7318, -15.6052, 6.0375, 803.5423, 7.8549, 0.0000, 5.0123, 9.3179, 11:35:00
816, 2024-09-06 12:02:39, 23.4670, -12.5711, 6.0362, 803.5423, 7.8453, 0.0000, 5.0636, 9.3375, 11:40:00
816, 2024-09-06 12:07:39, 23.2592, -9.4802, 6.0349, 803.5423, 7.8369, 0.0000, 5.1140, 9.3579, 11:45:00
816, 2024-09-06 12:12:39, 23.1100, -6.3452, 6.0336, 803.5423, 7.8296, 0.0000, 5.1635, 9.3789, 11:50:00
816, 2024-09-06 12:17:39, 23.0205, -3.1802, 6.0323, 803.5423, 7.8233, 0.0000, 5.2121, 9.4005, 11:55:00
816, 2024-09-06 12:22:39, 22.9915, -0.0001, 6.0310, 803.5423, 7.8182, 0.0000, 5.2596, 9.4227, 12:00:00
816, 2024-09-06 12:27:39, 23.0231, 3.1797, 6.0297, 803.5423, 7.8142, 0.0000, 5.3059, 9.4453, 12:05:00
816, 2024-09-06 12:32:39, 23.1151, 6.3438, 6.0284, 803.5423, 7.8113, 0.0000, 5.3510, 9.4683, 12:10:00
816, 2024-09-06 12:37:39, 23.2669, 9.4772, 6.0271, 803.5423, 7.8095, 0.0000, 5.3947, 9.4916, 12:15:00
816, 2024-09-06 12:42:39, 23.4772, 12.5659, 6.0258, 803.5423, 7.8089, 0.0000, 5.4370, 9.5152, 12:20:00
816, 2024-09-06 12:47:39, 23.7444, 15.5974, 6.0245, 803.5423, 7.8094, 0.0000, 5.4778, 9.5390, 12:25:00
816, 2024-09-06 12:52:39, 24.0667, 18.5604, 6.0232, 803.5423, 7.8110, 0.0000, 5.5170, 9.5629, 12:30:00
816, 2024-09-06 12:57:39, 24.4419, 21.4458, 6.0219, 803.5423, 7.8137, 0.0000, 5.5545, 9.5868, 12:35:00
816, 2024-09-06 13:02:39, 24.8675, 24.2460, 6.0206, 803.5423, 7.8176, 0.0000, 5.5902, 9.6107, 12:40:00
816, 2024-09-06 13:07:39, 25.3411, 26.9554, 6.0193, 803.5423, 7.8226, 0.0000, 5.6241, 9.6345, 12:45:00
816, 2024-09-06 13:12:39, 25.8598, 29.5701, 6.0180, 803.5423, 7.8288, 0.0000, 5.6561, 9.6582, 12:50:00
816, 2024-09-06 13:17:39, 26.4212, 32.0879, 6.0167, 803.5423, 7.8360, 0.0000, 5.6861, 9.6816, 12:55:00
816, 2024-09-06 13:22:39, 27.0224, 34.5078, 6.0154, 803.5423, 7.8443, 0.0000, 5.7140, 9.7048, 13:00:00
816, 2024-09-06 13:27:39, 27.6609, 36.8304, 6.0141, 803.5423, 7.8537, 0.0000, 5.7398, 9.7276, 13:05:00
816, 2024-09-06 13:32:39, 28.3340, 39.0568, 6.0128, 803.5423, 7.8642, 0.0000, 5.7635, 9.7501, 13:10:00
816, 2024-09-06 13:37:39, 29.0395, 41.1893, 6.0115, 803.5423, 7.8758, 0.0000, 5.7849, 9.7721, 13:15:00
816, 2024-09-06 13:42:39, 29.7748, 43.2308, 6.0102, 803.5423, 7.8883, 0.0000, 5.8041, 9.7935, 13:20:00
816, 2024-09-06 13:47:39, 30.5379, 45.1843, 6.0089, 803.5423, 7.9020, 0.0000, 5.8209, 9.8144, 13:25:00
816, 2024-09-06 13:52:39, 31.3267, 47.0536, 6.0076, 803.5423, 7.9166, 0.0000, 5.8353, 9.8348, 13:30:00
816, 2024-09-06 13:57:39, 32.1392, 48.8425, 6.0063, 803.5423, 7.9322, 0.0000, 5.8472, 9.8544, 13:35:00
816, 2024-09-06 14:02:39, 32.9737, 50.5548, 6.0050, 803.5423, 7.9487, 0.0000, 5.8567, 9.8734, 13:40:00
816, 2024-09-06 14:07:39, 33.8285, 52.1945, 6.0037, 803.5423, 7.9662, 0.0000, 5.8636, 9.8916, 13:45:00
816, 2024-09-06 14:12:39, 34.7020, 53.7654, 6.0024, 803.5423, 7.9846, 0.0000, 5.8680, 9.9090, 13:50:00
816, 2024-09-06 14:17:39, 35.5928, 55.2715, 6.0011, 803.5423, 8.0039, 0.0000, 5.8698, 9.9256, 13:55:00
816, 2024-09-06 14:22:39, 36.4996, 56.7165, 5.9998, 803.5423, 8.0240, 0.0000, 5.8690, 9.9413, 14:00:00
816, 2024-09-06 14:27:39, 37.4213, 58.1039, 5.9985, 803.5423, 8.0449, 0.0000, 5.8655, 9.9561, 14:05:00
816, 2024-09-06 14:32:39, 38.3566, 59.4371, 5.9972, 803.5423, 8.0666, 0.0000, 5.8593, 9.9700, 14:10:00
816, 2024-09-06 14:37:39, 39.3046, 60.7195, 5.9959, 803.5423, 8.0890, 0.0000, 5.8505, 9.9830, 14:15:00
816, 2024-09-06 14:42:39, 40.2643, 61.9541, 5.9946, 803.5423, 8.1122, 0.0000, 5.8388, 9.9950, 14:20:00
816, 2024-09-06 14:47:39, 41.2348, 63.1440, 5.9933, 803.5423, 8.1360, 0.0000, 5.8245, 10.0059, 14:25:00
816, 2024-09-06 14:52:39, 42.2154, 64.2917, 5.9920, 803.5423, 8.1604, 0.0000, 5.8073, 10.0158, 14:30:00
816, 2024-09-06 14:57:39, 43.2053, 65.4001, 5.9907, 803.5423, 8.1853, 0.0000, 5.7874, 10.0247, 14:35:00
816, 2024-09-06 15:02:39, 44.2038, 66.4715, 5.9894, 803.5423, 8.2109, 0.0000, 5.7647, 10.0325, 14:40:00
816, 2024-09-06 15:07:39, 45.2103, 67.5083, 5.9881, 803.5423, 8.2368, 0.0000, 5.7392, 10.0391, 14:45:00
816, 2024-09-06 15:12:39, 46.2242, 68.5125, 5.9868, 803.5423, 8.2633, 0.0000, 5.7109, 10.0447, 14:50:00
816, 2024-09-06 15:17:39, 47.2450, 69.4863, 5.9854, 803.5423, 8.2901, 0.0000, 5.6797, 10.0491, 14:55:00
816, 2024-09-06 15:22:39, 48.2722, 70.4316, 5.9841, 803.5423, 8.3172, 0.0000, 5.6458, 10.0524, 15:00:00
816, 2024-09-06 15:27:39, 49.3053, 71.3502, 5.9828, 803.5423, 8.3446, 0.0000, 5.6090, 10.0545, 15:05:00
816, 2024-09-06 15:32:39, 50.3439, 72.2436, 5.9815, 803.5423, 8.3721, 0.0000, 5.5693, 10.0554, 15:10:00
816, 2024-09-06 15:37:39, 51.3876, 73.1136, 5.9802, 803.5423, 8.3999, 0.0000, 5.5269, 10.0551, 15:15:00
816, 2024-09-06 15:42:39, 52.4360, 73.9616, 5.9789, 803.5423, 8.4277, 0.0000, 5.4816, 10.0536, 15:20:00
816, 2024-09-06 15:47:39, 53.4887, 74.7890, 5.9776, 803.5423, 8.4556, 0.0000, 5.4335, 10.0508, 15:25:00
816, 2024-09-06 15:52:39, 54.5455, 75.5971, 5.9763, 803.5423, 8.4834, 0.0000, 5.3826, 10.0469, 15:30:00
816, 2024-09-06 15:57:39, 55.6061, 76.3871, 5.9750, 803.5423, 8.5111, 0.0000, 5.3288, 10.0417, 15:35:00
816, 2024-09-06 16:02:39, 56.6701, 77.1601, 5.9737, 803.5423, 8.5386, 0.0000, 5.2723, 10.0352, 15:40:00
816, 2024-09-06 16:07:39, 57.7372, 77.9174, 5.9724, 803.5423, 8.5659, 0.0000, 5.2129, 10.0274, 15:45:00
816, 2024-09-06 16:12:39, 58.8073, 78.6599, 5.9711, 803.5423, 8.5929, 0.0000, 5.1508, 10.0184, 15:50:00
816, 2024-09-06 16:17:39, 59.8801, 79.3885, 5.9698, 803.5423, 8.6194, 0.0000, 5.0859, 10.0080, 15:55:00
816, 2024-09-06 16:22:39, 60.9554, 80.1043, 5.9685, 803.5423, 8.6455, 0.0000, 5.0183, 9.9964, 16:00:00
816, 2024-09-06 16:27:39, 62.0329, 80.8081, 5.9672, 803.5423, 8.6710, 0.0000, 4.9479, 9.9834, 16:05:00
816, 2024-09-06 16:32:39, 63.1124, 81.5006, 5.9659, 803.5423, 8.6959, 0.0000, 4.8748, 9.9691, 16:10:00
816, 2024-09-06 16:37:39, 64.1938, 82.1828, 5.9646, 803.5423, 8.7201, 0.0000, 4.7991, 9.9534, 16:15:00
816, 2024-09-06 16:42:39, 65.2767, 82.8554, 5.9633, 803.5423, 8.7435, 0.0000, 4.7206, 9.9364, 16:20:00
816, 2024-09-06 16:47:39, 66.3612, 83.5190, 5.9620, 803.5423, 8.7659, 0.0000, 4.6395, 9.9180, 16:25:00
816, 2024-09-06 16:52:39, 67.4469, 84.1743, 5.9607, 803.5423, 8.7874, 0.0000, 4.5558, 9.8982, 16:30:00
816, 2024-09-06 16:57:39, 68.5336, 84.8221, 5.9594, 803.5423, 8.8078, 0.0000, 4.4695, 9.8770, 16:35:00
816, 2024-09-06 17:02:39, 69.6213, 85.4629, 5.9581, 803.5423, 8.8271, 0.0000, 4.3806, 9.8543, 16:40:00
816, 2024-09-06 17:07:39, 70.7097, 86.0974, 5.9568, 803.5423, 8.8451, 0.0000, 4.2893, 9.8302, 16:45:00
816, 2024-09-06 17:12:39, 71.7987, 86.7261, 5.9555, 803.5423, 8.8617, 0.0000, 4.1954, 9.8047, 16:50:00
816, 2024-09-06 17:17:39, 72.8880, 87.3495, 5.9542, 803.5423, 8.8769, 0.0000, 4.0991, 9.7776, 16:55:00
816, 2024-09-21 08:12:21, 64.9248, -75.4272, 0.3489, 803.5423, 9.1120, 0.0000, 3.6530, 9.8170, 07:55:00
816, 2024-09-21 08:17:21, 63.8707, -74.6843, 0.3476, 803.5423, 9.0876, 0.0000, 3.6536, 9.7945, 08:00:00
816, 2024-09-21 08:22:21, 62.8203, -73.9281, 0.3462, 803.5423, 9.0626, 0.0000, 3.6563, 9.7724, 08:05:00
816, 2024-09-21 08:27:21, 61.7739, -73.1577, 0.3449, 803.5423, 9.0373, 0.0000, 3.6610, 9.7506, 08:10:00
816, 2024-09-21 08:32:21, 60.7317, -72.3722, 0.3435, 803.5423, 9.0115, 0.0000, 3.6677, 9.7293, 08:15:00
816, 2024-09-21 08:37:21, 59.6940, -71.5707, 0.3422, 803.5423, 8.9853, 0.0000, 3.6764, 9.7084, 08:20:00
816, 2024-09-21 08:42:21, 58.6611, -70.7522, 0.3408, 803.5423, 8.9589, 0.0000, 3.6871, 9.6880, 08:25:00
816, 2024-09-21 08:47:21, 57.6334, -69.9158, 0.3395, 803.5423, 8.9322, 0.0000, 3.6998, 9.6682, 08:30:00
816, 2024-09-21 08:52:21, 56.6112, -69.0604, 0.3381, 803.5423, 8.9054, 0.0000, 3.7143, 9.6489, 08:35:00
816, 2024-09-21 08:57:21, 55.5948, -68.1848, 0.3368, 803.5423, 8.8783, 0.0000, 3.7307, 9.6303, 08:40:00
816, 2024-09-21 09:02:21, 54.5846, -67.2879, 0.3354, 803.5423, 8.8512, 0.0000, 3.7490, 9.6124, 08:45:00
816, 2024-09-21 09:07:21, 53.5812, -66.3685, 0.3341, 803.5423, 8.8240, 0.0000, 3.7690, 9.5952, 08:50:00
816, 2024-09-21 09:12:21, 52.5848, -65.4252, 0.3327, 803.5423, 8.7968, 0.0000, 3.7908, 9.5788, 08:55:00
816, 2024-09-21 09:17:21, 51.5959, -64.4568, 0.3314, 803.5423, 8.7696, 0.0000, 3.8143, 9.5632, 09:00:00
816, 2024-09-21 09:22:21, 50.6152, -63.4617, 0.3300, 803.5423, 8.7425, 0.0000, 3.8394, 9.5484, 09:05:00
816, 2024-09-21 09:27:21, 49.6430, -62.4386, 0.3287, 803.5423, 8.7155, 0.0000, 3.8661, 9.5346, 09:10:00
816, 2024-09-21 09:32:21, 48.6799, -61.3859, 0.3273, 803.5423, 8.6887, 0.0000, 3.8945, 9.5216, 09:15:00
816, 2024-09-21 09:37:21, 47.7266, -60.3019, 0.3260, 803.5423, 8.6621, 0.0000, 3.9243, 9.5095, 09:20:00
816, 2024-09-21 09:42:21, 46.7837, -59.1849, 0.3246, 803.5423, 8.6357, 0.0000, 3.9555, 9.4985, 09:25:00
816, 2024-09-21 09:47:21, 45.8519, -58.0332, 0.3233, 803.5423, 8.6095, 0.0000, 3.9882, 9.4884, 09:30:00
816, 2024-09-21 09:52:21, 44.9318, -56.8450, 0.3219, 803.5423, 8.5837, 0.0000, 4.0222, 9.4794, 09:35:00
816, 2024-09-21 09:57:21, 44.0244, -55.6183, 0.3206, 803.5423, 8.5583, 0.0000, 4.0575, 9.4714, 09:40:00
816, 2024-09-21 10:02:21, 43.1304, -54.3512, 0.3192, 803.5423, 8.5332, 0.0000, 4.0940, 9.4645, 09:45:00
816, 2024-09-21 10:07:21, 42.2507, -53.0417, 0.3179, 803.5423, 8.5086, 0.0000, 4.1316, 9.4586, 09:50:00
816, 2024-09-21 10:12:21, 41.3863, -51.6878, 0.3165, 803.5423, 8.4844, 0.0000, 4.1703, 9.4539, 09:55:00
816, 2024-09-21 10:17:21, 40.5382, -50.2872, 0.3152, 803.5423, 8.4607, 0.0000, 4.2100, 9.4503, 10:00:00
816, 2024-09-21 10:22:21, 39.7075, -48.8380, 0.3138, 803.5423, 8.4375, 0.0000, 4.2507, 9.4477, 10:05:00
816, 2024-09-21 10:27:21, 38.8952, -47.3381, 0.3125, 803.5423, 8.4149, 0.0000, 4.2922, 9.4463, 10:10:00
816, 2024-09-21 10:32:21, 38.1027, -45.7853, 0.3111, 803.5423, 8.3929, 0.0000, 4.3345, 9.4461, 10:15:00
816, 2024-09-21 10:37:21, 37.3313, -44.1777, 0.3098, 803.5423, 8.3715, 0.0000, 4.3775, 9.4469, 10:20:00
816, 2024-09-21 10:42:21, 36.5822, -42.5132, 0.3084, 803.5423, 8.3507, 0.0000, 4.4212, 9.4489, 10:25:00
816, 2024-09-21 10:47:21, 35.8570, -40.7903, 0.3071, 803.5423, 8.3306, 0.0000, 4.4654, 9.4519, 10:30:00
816, 2024-09-21 10:52:21, 35.1571, -39.0071, 0.3057, 803.5423, 8.3112, 0.0000, 4.5101, 9.4561, 10:35:00
816, 2024-09-21 10:57:21, 34.4841, -37.1623, 0.3044, 803.5423, 8.2926, 0.0000, 4.5552, 9.4613, 10:40:00
816, 2024-09-21 11:02:21, 33.8396, -35.2549, 0.3030, 803.5423, 8.2746, 0.0000, 4.6006, 9.4676, 10:45:00
816, 2024-09-21 11:07:21, 33.2254, -33.2841, 0.3017, 803.5423, 8.2575, 0.0000, 4.6462, 9.4749, 10:50:00
816, 2024-09-21 11:12:21, 32.6431, -31.2496, 0.3003, 803.5423, 8.2412, 0.0000, 4.6920, 9.4832, 10:55:00
816, 2024-09-21 11:17:21, 32.0945, -29.1515, 0.2990, 803.5423, 8.2257, 0.0000, 4.7378, 9.4925, 11:00:00
816, 2024-09-21 11:22:21, 31.5814, -26.9907, 0.2976, 803.5423, 8.2110, 0.0000, 4.7835, 9.5028, 11:05:00
816, 2024-09-21 11:27:21, 31.1056, -24.7684, 0.2963, 803.5423, 8.1972, 0.0000, 4.8292, 9.5139, 11:10:00
816, 2024-09-21 11:32:21, 30.6688, -22.4868, 0.2949, 803.5423, 8.1843, 0.0000, 4.8746, 9.5260, 11:15:00
816, 2024-09-21 11:37:21, 30.2727, -20.1487, 0.2936, 803.5423, 8.1723, 0.0000, 4.9197, 9.5388, 11:20:00
816, 2024-09-21 11:42:21, 29.9190, -17.7577, 0.2922, 803.5423, 8.1611, 0.0000, 4.9644, 9.5525, 11:25:00
816, 2024-09-21 11:47:21, 29.6091, -15.3181, 0.2909, 803.5423, 8.1510, 0.0000, 5.0086, 9.5668, 11:30:00
816, 2024-09-21 11:52:21, 29.3446, -12.8353, 0.2895, 803.5423, 8.1417, 0.0000, 5.0523, 9.5819, 11:35:00
816, 2024-09-21 11:57:21, 29.1266, -10.3150, 0.2882, 803.5423, 8.1334, 0.0000, 5.0953, 9.5976, 11:40:00
816, 2024-09-21 12:02:21, 28.9562, -7.7639, 0.2868, 803.5423, 8.1261, 0.0000, 5.1375, 9.6139, 11:45:00
816, 2024-09-21 12:07:21, 28.8343, -5.1892, 0.2855, 803.5423, 8.1197, 0.0000, 5.1789, 9.6307, 11:50:00
816, 2024-09-21 12:12:21, 28.7614, -2.5986, 0.2841, 803.5423, 8.1144, 0.0000, 5.2194, 9.6481, 11:55:00
816, 2024-09-21 12:17:21, 28.7379, -0.0000, 0.2828, 803.5423, 8.1100, 0.0000, 5.2588, 9.6658, 12:00:00
816, 2024-09-21 12:22:21, 28.7641, 2.5983, 0.2814, 803.5423, 8.1066, 0.0000, 5.2972, 9.6839, 12:05:00
816, 2024-09-21 12:27:21, 28.8396, 5.1882, 0.2801, 803.5423, 8.1042, 0.0000, 5.3343, 9.7023, 12:10:00
816, 2024-09-21 12:32:21, 28.9642, 7.7618, 0.2787, 803.5423, 8.1029, 0.0000, 5.3702, 9.7209, 12:15:00
816, 2024-09-21 12:37:21, 29.1373, 10.3114, 0.2774, 803.5423, 8.1025, 0.0000, 5.4048, 9.7397, 12:20:00
816, 2024-09-21 12:42:21, 29.3578, 12.8299, 0.2760, 803.5423, 8.1031, 0.0000, 5.4379, 9.7587, 12:25:00
816, 2024-09-21 12:47:21, 29.6249, 15.3105, 0.2747, 803.5423, 8.1048, 0.0000, 5.4696, 9.7777, 12:30:00
816, 2024-09-21 12:52:21, 29.9372, 17.7475, 0.2733, 803.5423, 8.1074, 0.0000, 5.4996, 9.7967, 12:35:00
816, 2024-09-21 12:57:21, 30.2933, 20.1358, 0.2720, 803.5423, 8.1110, 0.0000, 5.5280, 9.8157, 12:40:00
816, 2024-09-21 13:02:21, 30.6917, 22.4709, 0.2706, 803.5423, 8.1156, 0.0000, 5.5547, 9.8346, 12:45:00
816, 2024-09-21 13:07:21, 31.1307, 24.7492, 0.2693, 803.5423, 8.1212, 0.0000, 5.5796, 9.8532, 12:50:00
816, 2024-09-21 13:12:21, 31.6087, 26.9681, 0.2679, 803.5423, 8.1278, 0.0000, 5.6027, 9.8717, 12:55:00
816, 2024-09-21 13:17:21, 32.1238, 29.1255, 0.2666, 803.5423, 8.1353, 0.0000, 5.6238, 9.8899, 13:00:00
816, 2024-09-21 13:22:21, 32.6743, 31.2201, 0.2652, 803.5423, 8.1437, 0.0000, 5.6430, 9.9078, 13:05:00
816, 2024-09-21 13:27:21, 33.2585, 33.2510, 0.2639, 803.5423, 8.1531, 0.0000, 5.6601, 9.9252, 13:10:00
816, 2024-09-21 13:32:21, 33.8746, 35.2182, 0.2625, 803.5423, 8.1634, 0.0000, 5.6751, 9.9423, 13:15:00
816, 2024-09-21 13:37:21, 34.5208, 37.1220, 0.2612, 803.5423, 8.1746, 0.0000, 5.6880, 9.9588, 13:20:00
816, 2024-09-21 13:42:21, 35.1954, 38.9632, 0.2598, 803.5423, 8.1867, 0.0000, 5.6987, 9.9748, 13:25:00
816, 2024-09-21 13:47:21, 35.8969, 40.7429, 0.2584, 803.5423, 8.1996, 0.0000, 5.7071, 9.9902, 13:30:00
816, 2024-09-21 13:52:21, 36.6236, 42.4624, 0.2571, 803.5423, 8.2134, 0.0000, 5.7133, 10.0051, 13:35:00
816, 2024-09-21 13:57:21, 37.3741, 44.1234, 0.2557, 803.5423, 8.2279, 0.0000, 5.7171, 10.0192, 13:40:00
816, 2024-09-21 14:02:21, 38.1469, 45.7277, 0.2544, 803.5423, 8.2433, 0.0000, 5.7186, 10.0326, 13:45:00
816, 2024-09-21 14:07:21, 38.9407, 47.2773, 0.2530, 803.5423, 8.2593, 0.0000, 5.7177, 10.0453, 13:50:00
816, 2024-09-21 14:12:21, 39.7542, 48.7741, 0.2517, 803.5423, 8.2761, 0.0000, 5.7143, 10.0572, 13:55:00
816, 2024-09-21 14:17:21, 40.5861, 50.2202, 0.2503, 803.5423, 8.2936, 0.0000, 5.7084, 10.0683, 14:00:00
816, 2024-09-21 14:22:21, 41.4354, 51.6177, 0.2490, 803.5423, 8.3117, 0.0000, 5.7001, 10.0785, 14:05:00
816, 2024-09-21 14:27:21, 42.3009, 52.9688, 0.2476, 803.5423, 8.3305, 0.0000, 5.6892, 10.0878, 14:10:00
816, 2024-09-21 14:32:21, 43.1817, 54.2755, 0.2463, 803.5423, 8.3498, 0.0000, 5.6758, 10.0962, 14:15:00
816, 2024-09-21 14:37:21, 44.0767, 55.5398, 0.2449, 803.5423, 8.3696, 0.0000, 5.6599, 10.1037, 14:20:00
816, 2024-09-21 14:42:21, 44.9852, 56.7639, 0.2436, 803.5423, 8.3900, 0.0000, 5.6413, 10.1102, 14:25:00
816, 2024-09-21 14:47:21, 45.9062, 57.9495, 0.2422, 803.5423, 8.4107, 0.0000, 5.6201, 10.1157, 14:30:00
816, 2024-09-21 14:52:21, 46.8390, 59.0987, 0.2409, 803.5423, 8.4319, 0.0000, 5.5963, 10.1201, 14:35:00
816, 2024-09-21 14:57:21, 47.7828, 60.2132, 0.2395, 803.5423, 8.4535, 0.0000, 5.5699, 10.1235, 14:40:00
816, 2024-09-21 15:02:21, 48.7370, 61.2949, 0.2382, 803.5423, 8.4753, 0.0000, 5.5409, 10.1258, 14:45:00
816, 2024-09-21 15:07:21, 49.7009, 62.3453, 0.2368, 803.5423, 8.4975, 0.0000, 5.5092, 10.1271, 14:50:00
816, 2024-09-21 15:12:21, 50.6740, 63.3661, 0.2355, 803.5423, 8.5198, 0.0000, 5.4748, 10.1272, 14:55:00
816, 2024-09-21 15:17:21, 51.6556, 64.3590, 0.2341, 803.5423, 8.5422, 0.0000, 5.4378, 10.1262, 15:00:00
816, 2024-09-21 15:22:21, 52.6453, 65.3253, 0.2328, 803.5423, 8.5648, 0.0000, 5.3981, 10.1240, 15:05:00
816, 2024-09-21 15:27:21, 53.6425, 66.2664, 0.2314, 803.5423, 8.5874, 0.0000, 5.3557, 10.1206, 15:10:00
816, 2024-09-21 15:32:21, 54.6469, 67.1837, 0.2301, 803.5423, 8.6100, 0.0000, 5.3107, 10.1161, 15:15:00
816, 2024-09-21 15:37:21, 55.6578, 68.0786, 0.2287, 803.5423, 8.6324, 0.0000, 5.2631, 10.1103, 15:20:00
816, 2024-09-21 15:42:21, 56.6750, 68.9522, 0.2274, 803.5423, 8.6548, 0.0000, 5.2128, 10.1033, 15:25:00
816, 2024-09-21 15:47:21, 57.6981, 69.8056, 0.2260, 803.5423, 8.6769, 0.0000, 5.1598, 10.0951, 15:30:00
816, 2024-09-21 15:52:21, 58.7266, 70.6401, 0.2247, 803.5423, 8.6987, 0.0000, 5.1042, 10.0856, 15:35:00
816, 2024-09-21 15:57:21, 59.7603, 71.4566, 0.2233, 803.5423, 8.7202, 0.0000, 5.0460, 10.0749, 15:40:00
816, 2024-09-21 16:02:21, 60.7988, 72.2562, 0.2220, 803.5423, 8.7412, 0.0000, 4.9852, 10.0628, 15:45:00
816, 2024-09-21 16:07:21, 61.8418, 73.0398, 0.2206, 803.5423, 8.7617, 0.0000, 4.9218, 10.0495, 15:50:00
816, 2024-09-21 16:12:21, 62.8891, 73.8083, 0.2193, 803.5423, 8.7817, 0.0000, 4.8559, 10.0348, 15:55:00
816, 2024-09-21 16:17:21, 63.9403, 74.5627, 0.2179, 803.5423, 8.8010, 0.0000, 4.7873, 10.0188, 16:00:00
816, 2024-09-21 16:22:21, 64.9952, 75.3037, 0.2166, 803.5423, 8.8196, 0.0000, 4.7163, 10.0015, 16:05:00
816, 2024-09-21 16:27:21, 66.0535, 76.0321, 0.2152, 803.5423, 8.8374, 0.0000, 4.6428, 9.9827, 16:10:00
816, 2024-09-21 16:32:21, 67.1150, 76.7488, 0.2139, 803.5423, 8.8543, 0.0000, 4.5668, 9.9626, 16:15:00
816, 2024-09-21 16:37:21, 68.1794, 77.4545, 0.2125, 803.5423, 8.8702, 0.0000, 4.4883, 9.9411, 16:20:00
816, 2024-09-21 16:42:21, 69.2465, 78.1498, 0.2112, 803.5423, 8.8851, 0.0000, 4.4074, 9.9182, 16:25:00
816, 2024-09-21 16:47:21, 70.3161, 78.8354, 0.2098, 803.5423, 8.8988, 0.0000, 4.3242, 9.8938, 16:30:00
816, 2024-09-21 16:52:21, 71.3880, 79.5121, 0.2085, 803.5423, 8.9113, 0.0000, 4.2386, 9.8680, 16:35:00
816, 2024-09-21 16:57:21, 72.4619, 80.1803, 0.2071, 803.5423, 8.9225, 0.0000, 4.1508, 9.8407, 16:40:00
816, 2024-09-21 17:02:21, 73.5376, 80.8407, 0.2058, 803.5423, 8.9322, 0.0000, 4.0607, 9.8119, 16:45:00
816, 2024-09-21 17:07:21, 74.6148, 81.4940, 0.2044, 803.5423, 8.9405, 0.0000, 3.9684, 9.7816, 16:50:00
816, 2024-09-21 17:12:21, 75.6934, 82.1405, 0.2031, 803.5423, 8.9471, 0.0000, 3.8740, 9.7498, 16:55:00
816, 2024-10-06 08:20:27, 65.4582, -68.1109, -5.4689, 803.5423, 9.1635, 0.0000, 3.9714, 9.9871, 08:08:00
816, 2024-10-06 08:25:27, 64.4490, -67.3095, -5.4702, 803.5423, 9.1433, 0.0000, 3.9730, 9.9692, 08:13:00
816, 2024-10-06 08:30:27, 63.4456, -66.4923, -5.4716, 803.5423, 9.1226, 0.0000, 3.9764, 9.9516, 08:18:00
816, 2024-10-06 08:35:27, 62.4484, -65.6582, -5.4729, 803.5423, 9.1016, 0.0000, 3.9817, 9.9344, 08:23:00
816, 2024-10-06 08:40:27, 61.4578, -64.8066, -5.4742, 803.5423, 9.0802, 0.0000, 3.9887, 9.9176, 08:28:00
816, 2024-10-06 08:45:27, 60.4740, -63.9365, -5.4755, 803.5423, 9.0584, 0.0000, 3.9976, 9.9013, 08:33:00
816, 2024-10-06 08:50:27, 59.4976, -63.0471, -5.4769, 803.5423, 9.0364, 0.0000, 4.0081, 9.8854, 08:38:00
816, 2024-10-06 08:55:27, 58.5289, -62.1372, -5.4782, 803.5423, 9.0142, 0.0000, 4.0203, 9.8701, 08:43:00
816, 2024-10-06 09:00:27, 57.5684, -61.2061, -5.4795, 803.5423, 8.9919, 0.0000, 4.0342, 9.8554, 08:48:00
816, 2024-10-06 09:05:27, 56.6165, -60.2526, -5.4809, 803.5423, 8.9694, 0.0000, 4.0497, 9.8412, 08:53:00
816, 2024-10-06 09:10:27, 55.6737, -59.2757, -5.4822, 803.5423, 8.9468, 0.0000, 4.0668, 9.8277, 08:58:00
816, 2024-10-06 09:12:27, 55.2992, -58.8781, -5.4827, 803.5423, 8.9377, 0.0000, 4.0740, 9.8225, 09:00:00
816, 2024-10-06 09:17:27, 54.3700, -57.8666, -5.4841, 803.5423, 8.9151, 0.0000, 4.0932, 9.8099, 09:05:00
816, 2024-10-06 09:22:27, 53.4512, -56.8291, -5.4854, 803.5423, 8.8925, 0.0000, 4.1139, 9.7980, 09:10:00
816, 2024-10-06 09:27:27, 52.5433, -55.7643, -5.4867, 803.5423, 8.8700, 0.0000, 4.1360, 9.7869, 09:15:00
816, 2024-10-06 09:32:27, 51.6469, -54.6712, -5.4880, 803.5423, 8.8476, 0.0000, 4.1595, 9.7765, 09:20:00
816, 2024-10-06 09:37:27, 50.7628, -53.5484, -5.4894, 803.5423, 8.8253, 0.0000, 4.1843, 9.7670, 09:25:00
816, 2024-10-06 09:42:27, 49.8916, -52.3948, -5.4907, 803.5423, 8.8032, 0.0000, 4.2104, 9.7582, 09:30:00
816, 2024-10-06 09:47:27, 49.0339, -51.2091, -5.4920, 803.5423, 8.7813, 0.0000, 4.2376, 9.7503, 09:35:00
816, 2024-10-06 09:52:27, 48.1906, -49.9900, -5.4934, 803.5423, 8.7596, 0.0000, 4.2661, 9.7432, 09:40:00
816, 2024-10-06 09:57:27, 47.3625, -48.7364, -5.4947, 803.5423, 8.7383, 0.0000, 4.2956, 9.7370, 09:45:00
816, 2024-10-06 10:02:27, 46.5504, -47.4469, -5.4960, 803.5423, 8.7172, 0.0000, 4.3262, 9.7317, 09:50:00
816, 2024-10-06 10:07:27, 45.7551, -46.1203, -5.4973, 803.5423, 8.6966, 0.0000, 4.3577, 9.7273, 09:55:00
816, 2024-10-06 10:12:27, 44.9776, -44.7555, -5.4987, 803.5423, 8.6763, 0.0000, 4.3902, 9.7237, 10:00:00
816, 2024-10-06 10:17:27, 44.2189, -43.3512, -5.5000, 803.5423, 8.6564, 0.0000, 4.4234, 9.7211, 10:05:00
816, 2024-10-06 10:22:27, 43.4800, -41.9065, -5.5013, 803.5423, 8.6370, 0.0000, 4.4575, 9.7194, 10:10:00
816, 2024-10-06 10:27:27, 42.7618, -40.4202, -5.5027, 803.5423, 8.6181, 0.0000, 4.4923, 9.7186, 10:15:00
816, 2024-10-06 10:32:27, 42.0656, -38.8915, -5.5040, 803.5423, 8.5996, 0.0000, 4.5276, 9.7187, 10:20:00
816, 2024-10-06 10:37:27, 41.3923, -37.3196, -5.5053, 803.5423, 8.5818, 0.0000, 4.5636, 9.7197, 10:25:00
816, 2024-10-06 10:42:27, 40.7433, -35.7039, -5.5066, 803.5423, 8.5644, 0.0000, 4.6000, 9.7216, 10:30:00
816, 2024-10-06 10:47:27, 40.1196, -34.0440, -5.5080, 803.5423, 8.5477, 0.0000, 4.6369, 9.7244, 10:35:00
816, 2024-10-06 10:52:27, 39.5226, -32.3395, -5.5093, 803.5423, 8.5316, 0.0000, 4.6741, 9.7281, 10:40:00
816, 2024-10-06 10:57:27, 38.9533, -30.5905, -5.5106, 803.5423, 8.5162, 0.0000, 4.7115, 9.7326, 10:45:00
816, 2024-10-06 11:02:27, 38.4132, -28.7973, -5.5120, 803.5423, 8.5014, 0.0000, 4.7491, 9.7379, 10:50:00
816, 2024-10-06 11:07:27, 37.9034, -26.9603, -5.5133, 803.5423, 8.4872, 0.0000, 4.7868, 9.7441, 10:55:00
816, 2024-10-06 11:12:27, 37.4252, -25.0805, -5.5146, 803.5423, 8.4738, 0.0000, 4.8246, 9.7510, 11:00:00
816, 2024-10-06 11:17:27, 36.9798, -23.1591, -5.5159, 803.5423, 8.4612, 0.0000, 4.8623, 9.7587, 11:05:00
816, 2024-10-06 11:22:27, 36.5685, -21.1977, -5.5173, 803.5423, 8.4492, 0.0000, 4.8998, 9.7671, 11:10:00
816, 2024-10-06 11:27:27, 36.1925, -19.1982, -5.5186, 803.5423, 8.4380, 0.0000, 4.9371, 9.7763, 11:15:00
816, 2024-10-06 11:32:27, 35.8528, -17.1629, -5.5199, 803.5423, 8.4276, 0.0000, 4.9741, 9.7860, 11:20:00
816, 2024-10-06 11:37:27, 35.5504, -15.0948, -5.5213, 803.5423, 8.4180, 0.0000, 5.0107, 9.7964, 11:25:00
816, 2024-10-06 11:42:27, 35.2865, -12.9968, -5.5226, 803.5423, 8.4092, 0.0000, 5.0469, 9.8074, 11:30:00
816, 2024-10-06 11:47:27, 35.0618, -10.8725, -5.5239, 803.5423, 8.4012, 0.0000, 5.0825, 9.8190, 11:35:00
816, 2024-10-06 11:52:27, 34.8771, -8.7257, -5.5252, 803.5423, 8.3941, 0.0000, 5.1174, 9.8310, 11:40:00
816, 2024-10-06 11:57:27, 34.7331, -6.5606, -5.5266, 803.5423, 8.3877, 0.0000, 5.1517, 9.8435, 11:45:00
816, 2024-10-06 12:02:27, 34.6302, -4.3815, -5.5279, 803.5423, 8.3823, 0.0000, 5.1851, 9.8564, 11:50:00
816, 2024-10-06 12:07:27, 34.5688, -2.1931, -5.5292, 803.5423, 8.3776, 0.0000, 5.2177, 9.8696, 11:55:00
816, 2024-10-06 12:12:27, 34.5492, -0.0000, -5.5306, 803.5423, 8.3739, 0.0000, 5.2494, 9.8832, 12:00:00
816, 2024-10-06 12:17:27, 34.5715, 2.1929, -5.5319, 803.5423, 8.3710, 0.0000, 5.2800, 9.8970, 12:05:00
816, 2024-10-06 12:22:27, 34.6355, 4.3809, -5.5332, 803.5423, 8.3689, 0.0000, 5.3095, 9.9111, 12:10:00
816, 2024-10-06 12:27:27, 34.7410, 6.5592, -5.5345, 803.5423, 8.3677, 0.0000, 5.3378, 9.9253, 12:15:00
816, 2024-10-06 12:32:27, 34.8876, 8.7232, -5.5359, 803.5423, 8.3674, 0.0000, 5.3649, 9.9396, 12:20:00
816, 2024-10-06 12:37:27, 35.0749, 10.8686, -5.5372, 803.5423, 8.3680, 0.0000, 5.3907, 9.9540, 12:25:00
816, 2024-10-06 12:42:27, 35.3021, 12.9913, -5.5385, 803.5423, 8.3694, 0.0000, 5.4150, 9.9684, 12:30:00
816, 2024-10-06 12:47:27, 35.5685, 15.0874, -5.5399, 803.5423, 8.3716, 0.0000, 5.4379, 9.9828, 12:35:00
816, 2024-10-06 12:52:27, 35.8733, 17.1535, -5.5412, 803.5423, 8.3747, 0.0000, 5.4593, 9.9970, 12:40:00
816, 2024-10-06 12:57:27, 36.2154, 19.1864, -5.5425, 803.5423, 8.3787, 0.0000, 5.4791, 10.0112, 12:45:00
816, 2024-10-06 13:02:27, 36.5937, 21.1835, -5.5438, 803.5423, 8.3835, 0.0000, 5.4972, 10.0251, 12:50:00
816, 2024-10-06 13:07:27, 37.0072, 23.1423, -5.5452, 803.5423, 8.3891, 0.0000, 5.5136, 10.0388, 12:55:00
816, 2024-10-06 13:12:27, 37.4547, 25.0610, -5.5465, 803.5423, 8.3955, 0.0000, 5.5283, 10.0522, 13:00:00
816, 2024-10-06 13:17:27, 37.9350, 26.9379, -5.5478, 803.5423, 8.4027, 0.0000, 5.5411, 10.0652, 13:05:00
816, 2024-10-06 13:22:27, 38.4469, 28.7719, -5.5492, 803.5423, 8.4107, 0.0000, 5.5520, 10.0779, 13:10:00
816, 2024-10-06 13:27:27, 38.9889, 30.5622, -5.5505, 803.5423, 8.4194, 0.0000, 5.5610, 10.0902, 13:15:00
816, 2024-10-06 13:32:27, 39.5601, 32.3081, -5.5518, 803.5423, 8.4289, 0.0000, 5.5680, 10.1019, 13:20:00
816, 2024-10-06 13:37:27, 40.1589, 34.0095, -5.5531, 803.5423, 8.4391, 0.0000, 5.5730, 10.1132, 13:25:00
816, 2024-10-06 13:42:27, 40.7843, 35.6664, -5.5545, 803.5423, 8.4500, 0.0000, 5.5759, 10.1239, 13:30:00
816, 2024-10-06 13:47:27, 41.4350, 37.2790, -5.5558, 803.5423, 8.4615, 0.0000, 5.5767, 10.1339, 13:35:00
816, 2024-10-06 13:52:27, 42.1099, 38.8478, -5.5571, 803.5423, 8.4737, 0.0000, 5.5754, 10.1434, 13:40:00
816, 2024-10-06 13:57:27, 42.8077, 40.3734, -5.5584, 803.5423, 8.4865, 0.0000, 5.5718, 10.1521, 13:45:00
816, 2024-10-06 14:02:27, 43.5273, 41.8567, -5.5598, 803.5423, 8.4999, 0.0000, 5.5660, 10.1602, 13:50:00
816, 2024-10-06 14:07:27, 44.2676, 43.2984, -5.5611, 803.5423, 8.5139, 0.0000, 5.5580, 10.1675, 13:55:00
816, 2024-10-06 14:12:27, 45.0277, 44.6997, -5.5624, 803.5423, 8.5284, 0.0000, 5.5477, 10.1740, 14:00:00
816, 2024-10-06 14:17:27, 45.8065, 46.0616, -5.5638, 803.5423, 8.5433, 0.0000, 5.5350, 10.1796, 14:05:00
816, 2024-10-06 14:22:27, 46.6030, 47.3853, -5.5651, 803.5423, 8.5587, 0.0000, 5.5200, 10.1844, 14:10:00
816, 2024-10-06 14:27:27, 47.4163, 48.6720, -5.5664, 803.5423, 8.5746, 0.0000, 5.5027, 10.1884, 14:15:00
816, 2024-10-06 14:32:27, 48.2456, 49.9229, -5.5677, 803.5423, 8.5908, 0.0000, 5.4830, 10.1914, 14:20:00
816, 2024-10-06 14:37:27, 49.0900, 51.1392, -5.5691, 803.5423, 8.6073, 0.0000, 5.4609, 10.1934, 14:25:00
816, 2024-10-06 14:42:27, 49.9488, 52.3223, -5.5704, 803.5423, 8.6241, 0.0000, 5.4363, 10.1945, 14:30:00
816, 2024-10-06 14:47:27, 50.8210, 53.4733, -5.5717, 803.5423, 8.6411, 0.0000, 5.4094, 10.1946, 14:35:00
816, 2024-10-06 14:52:27, 51.7062, 54.5935, -5.5731, 803.5423, 8.6584, 0.0000, 5.3800, 10.1937, 14:40:00
816, 2024-10-06 14:57:27, 52.6035, 55.6842, -5.5744, 803.5423, 8.6758, 0.0000, 5.3481, 10.1917, 14:45:00
816, 2024-10-06 15:02:27, 53.5123, 56.7465, -5.5757, 803.5423, 8.6932, 0.0000, 5.3138, 10.1887, 14:50:00
816, 2024-10-06 15:07:27, 54.4321, 57.7816, -5.5770, 803.5423, 8.7108, 0.0000, 5.2771, 10.1845, 14:55:00
816, 2024-10-06 15:12:27, 55.3622, 58.7907, -5.5784, 803.5423, 8.7283, 0.0000, 5.2379, 10.1793, 15:00:00
816, 2024-10-06 15:17:27, 56.3021, 59.7749, -5.5797, 803.5423, 8.7457, 0.0000, 5.1962, 10.1729, 15:05:00
816, 2024-10-06 15:22:27, 57.2513, 60.7353, -5.5810, 803.5423, 8.7630, 0.0000, 5.1521, 10.1653, 15:10:00
816, 2024-10-06 15:27:27, 58.2093, 61.6730, -5.5824, 803.5423, 8.7801, 0.0000, 5.1055, 10.1566, 15:15:00
816, 2024-10-06 15:32:27, 59.1756, 62.5890, -5.5837, 803.5423, 8.7970, 0.0000, 5.0565, 10.1467, 15:20:00
816, 2024-10-06 15:37:27, 60.1497, 63.4843, -5.5850, 803.5423, 8.8136, 0.0000, 5.0050, 10.1356, 15:25:00
816, 2024-10-06 15:42:27, 61.1314, 64.3599, -5.5863, 803.5423, 8.8298, 0.0000, 4.9511, 10.1232, 15:30:00
816, 2024-10-06 15:47:27, 62.1201, 65.2166, -5.5877, 803.5423, 8.8456, 0.0000, 4.8948, 10.1096, 15:35:00
816, 2024-10-06 15:52:27, 63.1155, 66.0554, -5.5890, 803.5423, 8.8608, 0.0000, 4.8361, 10.0947, 15:40:00
816, 2024-10-06 15:57:27, 64.1172, 66.8771, -5.5903, 803.5423, 8.8755, 0.0000, 4.7751, 10.0785, 15:45:00
816, 2024-10-06 16:02:27, 65.1249, 67.6827, -5.5916, 803.5423, 8.8895, 0.0000, 4.7116, 10.0610, 15:50:00
816, 2024-10-06 16:07:27, 66.1382, 68.4728, -5.5930, 803.5423, 8.9028, 0.0000, 4.6459, 10.0422, 15:55:00
816, 2024-10-21 08:29:03, 66.4230, -61.2963, -11.0208, 803.5423, 9.2069, 0.0000, 4.2437, 10.1378, 08:20:00
816, 2024-10-21 08:34:03, 65.4704, -60.4515, -11.0220, 803.5423, 9.1906, 0.0000, 4.2457, 10.1239, 08:25:00
816, 2024-10-21 08:39:03, 64.5258, -59.5895, -11.0232, 803.5423, 9.1739, 0.0000, 4.2493, 10.1102, 08:30:00
816, 2024-10-21 08:44:03, 63.5894, -58.7095, -11.0244, 803.5423, 9.1568, 0.0000, 4.2544, 10.0969, 08:35:00
816, 2024-10-21 08:49:03, 62.6618, -57.8107, -11.0257, 803.5423, 9.1395, 0.0000, 4.2611, 10.0840, 08:40:00
816, 2024-10-21 08:54:03, 61.7433, -56.8925, -11.0269, 803.5423, 9.1218, 0.0000, 4.2693, 10.0715, 08:45:00
816, 2024-10-21 08:59:03, 60.8345, -55.9541, -11.0281, 803.5423, 9.1039, 0.0000, 4.2790, 10.0594, 08:50:00
816, 2024-10-21 09:04:03, 59.9357, -54.9946, -11.0294, 803.5423, 9.0859, 0.0000, 4.2902, 10.0478, 08:55:00
816, 2024-10-21 09:09:03, 59.0475, -54.0133, -11.0306, 803.5423, 9.0677, 0.0000, 4.3028, 10.0367, 09:00:00
816, 2024-10-21 09:14:03, 58.1704, -53.0094, -11.0318, 803.5423, 9.0493, 0.0000, 4.3167, 10.0262, 09:05:00
816, 2024-10-21 09:19:03, 57.3049, -51.9820, -11.0330, 803.5423, 9.0310, 0.0000, 4.3320, 10.0162, 09:10:00
816, 2024-10-21 09:24:03, 56.4516, -50.9303, -11.0343, 803.5423, 9.0125, 0.0000, 4.3485, 10.0068, 09:15:00
816, 2024-10-21 09:29:03, 55.6111, -49.8535, -11.0355, 803.5423, 8.9942, 0.0000, 4.3663, 9.9980, 09:20:00
816, 2024-10-21 09:34:03, 54.7839, -48.7508, -11.0367, 803.5423, 8.9758, 0.0000, 4.3853, 9.9898, 09:25:00
816, 2024-10-21 09:39:03, 53.9707, -47.6213, -11.0379, 803.5423, 8.9575, 0.0000, 4.4054, 9.9822, 09:30:00
816, 2024-10-21 09:44:03, 53.1722, -46.4643, -11.0392, 803.5423, 8.9394, 0.0000, 4.4266, 9.9754, 09:35:00
816, 2024-10-21 09:49:03, 52.3891, -45.2790, -11.0404, 803.5423, 8.9214, 0.0000, 4.4488, 9.9692, 09:40:00
816, 2024-10-21 09:54:03, 51.6221, -44.0646, -11.0416, 803.5423, 8.9036, 0.0000, 4.4720, 9.9636, 09:45:00
816, 2024-10-21 09:59:03, 50.8719, -42.8203, -11.0429, 803.5423, 8.8861, 0.0000, 4.4962, 9.9588, 09:50:00
816, 2024-10-21 10:04:03, 50.1393, -41.5455, -11.0441, 803.5423, 8.8688, 0.0000, 4.5212, 9.9547, 09:55:00
816, 2024-10-21 10:09:03, 49.4252, -40.2396, -11.0453, 803.5423, 8.8518, 0.0000, 4.5470, 9.9513, 10:00:00
816, 2024-10-21 10:14:03, 48.7303, -38.9020, -11.0465, 803.5423, 8.8351, 0.0000, 4.5736, 9.9487, 10:05:00
816, 2024-10-21 10:19:03, 48.0554, -37.5322, -11.0478, 803.5423, 8.8187, 0.0000, 4.6008, 9.9467, 10:10:00
816, 2024-10-21 10:24:03, 47.4015, -36.1298, -11.0490, 803.5423, 8.8027, 0.0000, 4.6287, 9.9455, 10:15:00
816, 2024-10-21 10:29:03, 46.7695, -34.6944, -11.0502, 803.5423, 8.7872, 0.0000, 4.6571, 9.9450, 10:20:00
816, 2024-10-21 10:34:03, 46.1603, -33.2259, -11.0514, 803.5423, 8.7721, 0.0000, 4.6860, 9.9452, 10:25:00
816, 2024-10-21 10:39:03, 45.5747, -31.7243, -11.0527, 803.5423, 8.7574, 0.0000, 4.7154, 9.9462, 10:30:00
816, 2024-10-21 10:44:03, 45.0138, -30.1895, -11.0539, 803.5423, 8.7432, 0.0000, 4.7450, 9.9478, 10:35:00
816, 2024-10-21 10:49:03, 44.4785, -28.6218, -11.0551, 803.5423, 8.7295, 0.0000, 4.7750, 9.9501, 10:40:00
816, 2024-10-21 10:54:03, 43.9696, -27.0216, -11.0563, 803.5423, 8.7163, 0.0000, 4.8052, 9.9531, 10:45:00
816, 2024-10-21 10:59:03, 43.4883, -25.3894, -11.0576, 803.5423, 8.7037, 0.0000, 4.8355, 9.9567, 10:50:00
816, 2024-10-21 11:04:03, 43.0353, -23.7261, -11.0588, 803.5423, 8.6917, 0.0000, 4.8659, 9.9610, 10:55:00
816, 2024-10-21 11:09:03, 42.6116, -22.0326, -11.0600, 803.5423, 8.6802, 0.0000, 4.8962, 9.9659, 11:00:00
816, 2024-10-21 11:14:03, 42.2182, -20.3102, -11.0612, 803.5423, 8.6694, 0.0000, 4.9265, 9.9714, 11:05:00
816, 2024-10-21 11:19:03, 41.8558, -18.5601, -11.0625, 803.5423, 8.6592, 0.0000, 4.9567, 9.9775, 11:10:00
816, 2024-10-21 11:24:03, 41.5253, -16.7841, -11.0637, 803.5423, 8.6496, 0.0000, 4.9866, 9.9841, 11:15:00
816, 2024-10-21 11:29:03, 41.2274, -14.9839, -11.0649, 803.5423, 8.6407, 0.0000, 5.0162, 9.9912, 11:20:00
816, 2024-10-21 11:34:03, 40.9629, -13.1617, -11.0662, 803.5423, 8.6324, 0.0000, 5.0454, 9.9987, 11:25:00
816, 2024-10-21 11:39:03, 40.7324, -11.3197, -11.0674, 803.5423, 8.6248, 0.0000, 5.0742, 10.0068, 11:30:00
816, 2024-10-21 11:44:03, 40.5366, -9.4604, -11.0686, 803.5423, 8.6179, 0.0000, 5.1025, 10.0152, 11:35:00
816, 2024-10-21 11:49:03, 40.3758, -7.5863, -11.0698, 803.5423, 8.6117, 0.0000, 5.1302, 10.0240, 11:40:00
816, 2024-10-21 11:54:03, 40.2506, -5.7003, -11.0711, 803.5423, 8.6063, 0.0000, 5.1572, 10.0331, 11:45:00
816, 2024-10-21 11:59:03, 40.1613, -3.8052, -11.0723, 803.5423, 8.6015, 0.0000, 5.1834, 10.0426, 11:50:00
816, 2024-10-21 12:04:03, 40.1081, -1.9041, -11.0735, 803.5423, 8.5974, 0.0000, 5.2089, 10.0523, 11:55:00
816, 2024-10-21 12:09:03, 40.0912, 0.0000, -11.0747, 803.5423, 8.5941, 0.0000, 5.2335, 10.0622, 12:00:00
816, 2024-10-21 12:14:03, 40.1106, 1.9040, -11.0760, 803.5423, 8.5915, 0.0000, 5.2571, 10.0723, 12:05:00
816, 2024-10-21 12:19:03, 40.1662, 3.8048, -11.0772, 803.5423, 8.5896, 0.0000, 5.2797, 10.0825, 12:10:00
816, 2024-10-21 12:24:03, 40.2580, 5.6993, -11.0784, 803.5423, 8.5885, 0.0000, 5.3012, 10.0928, 12:15:00
816, 2024-10-21 12:29:03, 40.3856, 7.5846, -11.0796, 803.5423, 8.5881, 0.0000, 5.3215, 10.1031, 12:20:00
816, 2024-10-21 12:34:03, 40.5487, 9.4577, -11.0809, 803.5423, 8.5884, 0.0000, 5.3407, 10.1135, 12:25:00
816, 2024-10-21 12:39:03, 40.7469, 11.3159, -11.0821, 803.5423, 8.5894, 0.0000, 5.3585, 10.1238, 12:30:00
816, 2024-10-21 12:44:03, 40.9797, 13.1565, -11.0833, 803.5423, 8.5911, 0.0000, 5.3750, 10.1340, 12:35:00
816, 2024-10-21 12:49:03, 41.2465, 14.9772, -11.0845, 803.5423, 8.5935, 0.0000, 5.3901, 10.1441, 12:40:00
816, 2024-10-21 12:54:03, 41.5466, 16.7756, -11.0858, 803.5423, 8.5967, 0.0000, 5.4038, 10.1540, 12:45:00
816, 2024-10-21 12:59:03, 41.8793, 18.5498, -11.0870, 803.5423, 8.6005, 0.0000, 5.4159, 10.1637, 12:50:00
816, 2024-10-21 13:04:03, 42.2438, 20.2978, -11.0882, 803.5423, 8.6050, 0.0000, 5.4264, 10.1731, 12:55:00
816, 2024-10-21 13:09:03, 42.6394, 22.0182, -11.0894, 803.5423, 8.6101, 0.0000, 5.4353, 10.1822, 13:00:00
816, 2024-10-21 13:14:03, 43.0651, 23.7095, -11.0907, 803.5423, 8.6159, 0.0000, 5.4426, 10.1910, 13:05:00
816, 2024-10-21 13:19:03, 43.5200, 25.3704, -11.0919, 803.5423, 8.6223, 0.0000, 5.4481, 10.1993, 13:10:00
816, 2024-10-21 13:24:03, 44.0033, 27.0002, -11.0931, 803.5423, 8.6294, 0.0000, 5.4518, 10.2073, 13:15:00
816, 2024-10-21 13:29:03, 44.5139, 28.5979, -11.0943, 803.5423, 8.6370, 0.0000, 5.4537, 10.2147, 13:20:00
816, 2024-10-21 13:34:03, 45.0511, 30.1631, -11.0956, 803.5423, 8.6452, 0.0000, 5.4537, 10.2217, 13:25:00
816, 2024-10-21 13:39:03, 45.6137, 31.6954, -11.0968, 803.5423, 8.6539, 0.0000, 5.4518, 10.2280, 13:30:00
816, 2024-10-21 13:44:03, 46.2009, 33.1945, -11.0980, 803.5423, 8.6632, 0.0000, 5.4480, 10.2338, 13:35:00
816, 2024-10-21 13:49:03, 46.8118, 34.6604, -11.0992, 803.5423, 8.6729, 0.0000, 5.4422, 10.2390, 13:40:00
816, 2024-10-21 13:54:03, 47.4454, 36.0931, -11.1005, 803.5423, 8.6831, 0.0000, 5.4344, 10.2435, 13:45:00
816, 2024-10-21 13:59:03, 48.1007, 37.4929, -11.1017, 803.5423, 8.6938, 0.0000, 5.4246, 10.2473, 13:50:00
816, 2024-10-21 14:04:03, 48.7770, 38.8601, -11.1029, 803.5423, 8.7048, 0.0000, 5.4127, 10.2504, 13:55:00
816, 2024-10-21 14:09:03, 49.4733, 40.1951, -11.1041, 803.5423, 8.7163, 0.0000, 5.3987, 10.2527, 14:00:00
816, 2024-10-21 14:14:03, 50.1888, 41.4984, -11.1054, 803.5423, 8.7280, 0.0000, 5.3825, 10.2543, 14:05:00
816, 2024-10-21 14:19:03, 50.9226, 42.7706, -11.1066, 803.5423, 8.7401, 0.0000, 5.3643, 10.2550, 14:10:00
816, 2024-10-21 14:24:03, 51.6740, 44.0123, -11.1078, 803.5423, 8.7524, 0.0000, 5.3438, 10.2548, 14:15:00
816, 2024-10-21 14:29:03, 52.4423, 45.2242, -11.1090, 803.5423, 8.7649, 0.0000, 5.3212, 10.2537, 14:20:00
816, 2024-10-21 14:34:03, 53.2265, 46.4071, -11.1103, 803.5423, 8.7777, 0.0000, 5.2963, 10.2518, 14:25:00
816, 2024-10-21 14:39:03, 54.0261, 47.5616, -11.1115, 803.5423, 8.7905, 0.0000, 5.2693, 10.2488, 14:30:00
816, 2024-10-21 14:44:03, 54.8403, 48.6886, -11.1127, 803.5423, 8.8035, 0.0000, 5.2400, 10.2450, 14:35:00
816, 2024-10-21 14:49:03, 55.6685, 49.7889, -11.1139, 803.5423, 8.8165, 0.0000, 5.2085, 10.2401, 14:40:00
816, 2024-10-21 14:54:03, 56.5100, 50.8632, -11.1152, 803.5423, 8.8295, 0.0000, 5.1748, 10.2342, 14:45:00
816, 2024-10-21 14:59:03, 57.3643, 51.9125, -11.1164, 803.5423, 8.8425, 0.0000, 5.1388, 10.2272, 14:50:00
816, 2024-10-21 15:04:03, 58.2307, 52.9376, -11.1176, 803.5423, 8.8553, 0.0000, 5.1006, 10.2192, 14:55:00
816, 2024-10-21 15:09:03, 59.1087, 53.9392, -11.1188, 803.5423, 8.8680, 0.0000, 5.0602, 10.2101, 15:00:00
816, 2024-10-21 15:14:03, 59.9977, 54.9182, -11.1201, 803.5423, 8.8805, 0.0000, 5.0174, 10.1999, 15:05:00
816, 2024-10-21 15:19:03, 60.8973, 55.8754, -11.1213, 803.5423, 8.8928, 0.0000, 4.9725, 10.1886, 15:10:00
816, 2024-10-21 15:24:03, 61.8069, 56.8116, -11.1225, 803.5423, 8.9047, 0.0000, 4.9253, 10.1761, 15:15:00
816, 2024-10-21 15:29:03, 62.7262, 57.7276, -11.1237, 803.5423, 8.9163, 0.0000, 4.8760, 10.1624, 15:20:00
816, 2024-10-21 15:34:03, 63.6545, 58.6241, -11.1250, 803.5423, 8.9274, 0.0000, 4.8244, 10.1476, 15:25:00
816, 2024-10-21 15:39:03, 64.5916, 59.5019, -11.1262, 803.5423, 8.9380, 0.0000, 4.7706, 10.1315, 15:30:00
816, 2024-10-21 15:44:03, 65.5370, 60.3618, -11.1274, 803.5423, 8.9481, 0.0000, 4.7146, 10.1142, 15:35:00
816, 2024-10-21 15:49:03, 66.4902, 61.2044, -11.1286, 803.5423, 8.9575, 0.0000, 4.6565, 10.0956, 15:40:00
816, 2024-10-21 15:54:03, 67.4510, 62.0305, -11.1299, 803.5423, 8.9663, 0.0000, 4.5963, 10.0757, 15:45:00
816, 2024-10-21 15:59:03, 68.4190, 62.8408, -11.1311, 803.5423, 8.9743, 0.0000, 4.5339, 10.0546, 15:50:00
816, 2024-10-21 16:04:03, 69.3937, 63.6358, -11.1323, 803.5423, 8.9815, 0.0000, 4.4695, 10.0322, 15:55:00
816, 2024-11-09 08:43:27, 67.6155, -53.6898, -17.1197, 803.5423, 9.2406, 0.0000, 4.5058, 10.2806, 08:35:00
816, 2024-11-09 08:48:27, 66.7420, -52.8077, -17.1207, 803.5423, 9.2282, 0.0000, 4.5081, 10.2705, 08:40:00
816, 2024-11-09 08:53:27, 65.8786, -51.9080, -17.1217, 803.5423, 9.2156, 0.0000, 4.5117, 10.2607, 08:45:00
816, 2024-11-09 08:58:27, 65.0259, -50.9901, -17.1226, 803.5423, 9.2026, 0.0000, 4.5167, 10.2512, 08:50:00
816, 2024-11-09 09:03:27, 64.1842, -50.0534, -17.1236, 803.5423, 9.1893, 0.0000, 4.5229, 10.2420, 08:55:00
816, 2024-11-09 09:08:27, 63.3541, -49.0974, -17.1246, 803.5423, 9.1758, 0.0000, 4.5303, 10.2332, 09:00:00
816, 2024-11-09 09:13:27, 62.5359, -48.1215, -17.1256, 803.5423, 9.1621, 0.0000, 4.5390, 10.2248, 09:05:00
816, 2024-11-09 09:18:27, 61.7302, -47.1252, -17.1266, 803.5423, 9.1483, 0.0000, 4.5488, 10.2168, 09:10:00
816, 2024-11-09 09:23:27, 60.9376, -46.1079, -17.1275, 803.5423, 9.1343, 0.0000, 4.5597, 10.2092, 09:15:00
816, 2024-11-09 09:28:27, 60.1584, -45.0692, -17.1285, 803.5423, 9.1203, 0.0000, 4.5717, 10.2020, 09:20:00
816, 2024-11-09 09:33:27, 59.3934, -44.0086, -17.1295, 803.5423, 9.1062, 0.0000, 4.5848, 10.1953, 09:25:00
816, 2024-11-09 09:38:27, 58.6431, -42.9255, -17.1305, 803.5423, 9.0921, 0.0000, 4.5988, 10.1890, 09:30:00
816, 2024-11-09 09:43:27, 57.9080, -41.8196, -17.1314, 803.5423, 9.0780, 0.0000, 4.6138, 10.1832, 09:35:00
816, 2024-11-09 09:48:27, 57.1887, -40.6903, -17.1324, 803.5423, 9.0640, 0.0000, 4.6297, 10.1780, 09:40:00
816, 2024-11-09 09:53:27, 56.4860, -39.5374, -17.1334, 803.5423, 9.0501, 0.0000, 4.6465, 10.1732, 09:45:00
816, 2024-11-09 09:58:27, 55.8003, -38.3604, -17.1344, 803.5423, 9.0363, 0.0000, 4.6640, 10.1690, 09:50:00
816, 2024-11-09 10:03:27, 55.1324, -37.1591, -17.1353, 803.5423, 9.0226, 0.0000, 4.6823, 10.1652, 09:55:00
816, 2024-11-09 10:08:27, 54.4829, -35.9332, -17.1363, 803.5423, 9.0091, 0.0000, 4.7013, 10.1621, 10:00:00
816, 2024-11-09 10:13:27, 53.8525, -34.6825, -17.1373, 803.5423, 8.9959, 0.0000, 4.7210, 10.1594, 10:05:00
816, 2024-11-09 10:18:27, 53.2420, -33.4068, -17.1383, 803.5423, 8.9828, 0.0000, 4.7412, 10.1573, 10:10:00
816, 2024-11-09 10:23:27, 52.6519, -32.1062, -17.1392, 803.5423, 8.9701, 0.0000, 4.7619, 10.1557, 10:15:00
816, 2024-11-09 10:28:27, 52.0830, -30.7806, -17.1402, 803.5423, 8.9576, 0.0000, 4.7832, 10.1546, 10:20:00
816, 2024-11-09 10:33:27, 51.5360, -29.4302, -17.1412, 803.5423, 8.9454, 0.0000, 4.8048, 10.1541, 10:25:00
816, 2024-11-09 10:38:27, 51.0117, -28.0552, -17.1422, 803.5423, 8.9335, 0.0000, 4.8268, 10.1541, 10:30:00
816, 2024-11-09 10:43:27, 50.5107, -26.6559, -17.1431, 803.5423, 8.9221, 0.0000, 4.8490, 10.1546, 10:35:00
816, 2024-11-09 10:48:27, 50.0337, -25.2326, -17.1441, 803.5423, 8.9110, 0.0000, 4.8715, 10.1556, 10:40:00
816, 2024-11-09 10:53:27, 49.5815, -23.7859, -17.1451, 803.5423, 8.9003, 0.0000, 4.8942, 10.1571, 10:45:00
816, 2024-11-09 10:58:27, 49.1547, -22.3165, -17.1461, 803.5423, 8.8900, 0.0000, 4.9169, 10.1591, 10:50:00
816, 2024-11-09 11:03:27, 48.7541, -20.8251, -17.1470, 803.5423, 8.8801, 0.0000, 4.9397, 10.1616, 10:55:00
816, 2024-11-09 11:08:27, 48.3802, -19.3125, -17.1480, 803.5423, 8.8708, 0.0000, 4.9625, 10.1645, 11:00:00
816, 2024-11-09 11:13:27, 48.0337, -17.7799, -17.1490, 803.5423, 8.8618, 0.0000, 4.9851, 10.1678, 11:05:00
816, 2024-11-09 11:18:27, 47.7152, -16.2283, -17.1500, 803.5423, 8.8534, 0.0000, 5.0076, 10.1715, 11:10:00
816, 2024-11-09 11:23:27, 47.4252, -14.6590, -17.1509, 803.5423, 8.8455, 0.0000, 5.0299, 10.1756, 11:15:00
816, 2024-11-09 11:28:27, 47.1644, -13.0734, -17.1519, 803.5423, 8.8381, 0.0000, 5.0519, 10.1800, 11:20:00
816, 2024-11-09 11:33:27, 46.9331, -11.4729, -17.1529, 803.5423, 8.8312, 0.0000, 5.0735, 10.1848, 11:25:00
816, 2024-11-09 11:38:27, 46.7319, -9.8593, -17.1539, 803.5423, 8.8248, 0.0000, 5.0948, 10.1899, 11:30:00
816, 2024-11-09 11:43:27, 46.5611, -8.2340, -17.1548, 803.5423, 8.8190, 0.0000, 5.1155, 10.1953, 11:35:00
816, 2024-11-09 11:48:27, 46.4211, -6.5991, -17.1558, 803.5423, 8.8138, 0.0000, 5.1357, 10.2009, 11:40:00
816, 2024-11-09 11:53:27, 46.3121, -4.9562, -17.1568, 803.5423, 8.8091, 0.0000, 5.1552, 10.2067, 11:45:00
816, 2024-11-09 11:58:27, 46.2343, -3.3075, -17.1578, 803.5423, 8.8050, 0.0000, 5.1741, 10.2127, 11:50:00
816, 2024-11-09 12:03:27, 46.1880, -1.6547, -17.1587, 803.5423, 8.8014, 0.0000, 5.1922, 10.2188, 11:55:00
816, 2024-11-09 12:08:27, 46.1732, 0.0000, -17.1597, 803.5423, 8.7984, 0.0000, 5.2096, 10.2251, 12:00:00
816, 2024-11-09 12:13:27, 46.1900, 1.6546, -17.1607, 803.5423, 8.7960, 0.0000, 5.2260, 10.2314, 12:05:00
816, 2024-11-09 12:18:27, 46.2382, 3.3072, -17.1617, 803.5423, 8.7942, 0.0000, 5.2416, 10.2378, 12:10:00
816, 2024-11-09 12:23:27, 46.3179, 4.9556, -17.1626, 803.5423, 8.7930, 0.0000, 5.2561, 10.2442, 12:15:00
816, 2024-11-09 12:28:27, 46.4288, 6.5979, -17.1636, 803.5423, 8.7923, 0.0000, 5.2697, 10.2505, 12:20:00
816, 2024-11-09 12:33:27, 46.5708, 8.2323, -17.1646, 803.5423, 8.7921, 0.0000, 5.2821, 10.2568, 12:25:00
816, 2024-11-09 12:38:27, 46.7434, 9.8567, -17.1655, 803.5423, 8.7926, 0.0000, 5.2933, 10.2630, 12:30:00
816, 2024-11-09 12:43:27, 46.9465, 11.4696, -17.1665, 803.5423, 8.7936, 0.0000, 5.3033, 10.2690, 12:35:00
816, 2024-11-09 12:48:27, 47.1796, 13.0690, -17.1675, 803.5423, 8.7951, 0.0000, 5.3121, 10.2749, 12:40:00
816, 2024-11-09 12:53:27, 47.4423, 14.6535, -17.1685, 803.5423, 8.7972, 0.0000, 5.3196, 10.2805, 12:45:00
816, 2024-11-09 12:58:27, 47.7340, 16.2216, -17.1694, 803.5423, 8.7998, 0.0000, 5.3256, 10.2859, 12:50:00
816, 2024-11-09 13:03:27, 48.0542, 17.7719, -17.1704, 803.5423, 8.8029, 0.0000, 5.3303, 10.2909, 12:55:00
816, 2024-11-09 13:08:27, 48.4024, 19.3031, -17.1714, 803.5423, 8.8065, 0.0000, 5.3335, 10.2957, 13:00:00
816, 2024-11-09 13:13:27, 48.7780, 20.8141, -17.1724, 803.5423, 8.8106, 0.0000, 5.3352, 10.3001, 13:05:00
816, 2024-11-09 13:18:27, 49.1803, 22.3040, -17.1733, 803.5423, 8.8152, 0.0000, 5.3353, 10.3041, 13:10:00
816, 2024-11-09 13:23:27, 49.6086, 23.7717, -17.1743, 803.5423, 8.8202, 0.0000, 5.3339, 10.3076, 13:15:00
816, 2024-11-09 13:28:27, 50.0624, 25.2167, -17.1753, 803.5423, 8.8257, 0.0000, 5.3308, 10.3107, 13:20:00
816, 2024-11-09 13:33:27, 50.5409, 26.6382, -17.1763, 803.5423, 8.8315, 0.0000, 5.3260, 10.3132, 13:25:00
816, 2024-11-09 13:38:27, 51.0433, 28.0358, -17.1772, 803.5423, 8.8378, 0.0000, 5.3195, 10.3152, 13:30:00
816, 2024-11-09 13:43:27, 51.5691, 29.4090, -17.1782, 803.5423, 8.8443, 0.0000, 5.3113, 10.3166, 13:35:00
816, 2024-11-09 13:48:27, 52.1174, 30.7575, -17.1792, 803.5423, 8.8513, 0.0000, 5.3013, 10.3174, 13:40:00
816, 2024-11-09 13:53:27, 52.6876, 32.0812, -17.1801, 803.5423, 8.8585, 0.0000, 5.2895, 10.3176, 13:45:00
816, 2024-11-09 13:58:27, 53.2790, 33.3799, -17.1811, 803.5423, 8.8660, 0.0000, 5.2759, 10.3171, 13:50:00
816, 2024-11-09 14:03:27, 53.8908, 34.6536, -17.1821, 803.5423, 8.8738, 0.0000, 5.2604, 10.3158, 13:55:00
816, 2024-11-09 14:08:27, 54.5223, 35.9023, -17.1831, 803.5423, 8.8818, 0.0000, 5.2431, 10.3139, 14:00:00
816, 2024-11-09 14:13:27, 55.1729, 37.1263, -17.1840, 803.5423, 8.8899, 0.0000, 5.2238, 10.3111, 14:05:00
816, 2024-11-09 14:18:27, 55.8419, 38.3257, -17.1850, 803.5423, 8.8982, 0.0000, 5.2027, 10.3076, 14:10:00
816, 2024-11-09 14:23:27, 56.5287, 39.5007, -17.1860, 803.5423, 8.9067, 0.0000, 5.1796, 10.3032, 14:15:00
816, 2024-11-09 14:28:27, 57.2325, 40.6516, -17.1870, 803.5423, 8.9151, 0.0000, 5.1545, 10.2980, 14:20:00
816, 2024-11-09 14:33:27, 57.9527, 41.7789, -17.1879, 803.5423, 8.9237, 0.0000, 5.1275, 10.2919, 14:25:00
816, 2024-11-09 14:38:27, 58.6887, 42.8829, -17.1889, 803.5423, 8.9322, 0.0000, 5.0985, 10.2849, 14:30:00
816, 2024-11-09 14:43:27, 59.4400, 43.9640, -17.1899, 803.5423, 8.9407, 0.0000, 5.0675, 10.2769, 14:35:00
816, 2024-11-09 14:48:27, 60.2059, 45.0227, -17.1908, 803.5423, 8.9490, 0.0000, 5.0346, 10.2680, 14:40:00
816, 2024-11-09 14:53:27, 60.9858, 46.0594, -17.1918, 803.5423, 8.9573, 0.0000, 4.9996, 10.2581, 14:45:00
816, 2024-11-09 14:58:27, 61.7793, 47.0747, -17.1928, 803.5423, 8.9654, 0.0000, 4.9627, 10.2472, 14:50:00
816, 2024-11-09 15:03:27, 62.5857, 48.0691, -17.1938, 803.5423, 8.9732, 0.0000, 4.9237, 10.2353, 14:55:00
816, 2024-11-09 15:08:27, 63.4046, 49.0431, -17.1947, 803.5423, 8.9807, 0.0000, 4.8828, 10.2223, 15:00:00
816, 2024-11-09 15:13:27, 64.2355, 49.9972, -17.1957, 803.5423, 8.9880, 0.0000, 4.8399, 10.2083, 15:05:00
816, 2024-11-09 15:18:27, 65.0779, 50.9321, -17.1967, 803.5423, 8.9948, 0.0000, 4.7951, 10.1931, 15:10:00
816, 2024-11-09 15:23:27, 65.9312, 51.8481, -17.1976, 803.5423, 9.0012, 0.0000, 4.7482, 10.1768, 15:15:00
816, 2024-11-09 15:28:27, 66.7952, 52.7459, -17.1986, 803.5423, 9.0072, 0.0000, 4.6995, 10.1594, 15:20:00
816, 2024-11-09 15:33:27, 67.6693, 53.6261, -17.1996, 803.5423, 9.0126, 0.0000, 4.6488, 10.1409, 15:25:00
816, 2024-11-09 15:38:27, 68.5531, 54.4891, -17.2006, 803.5423, 9.0173, 0.0000, 4.5961, 10.1211, 15:30:00
816, 2024-11-09 15:43:27, 69.4462, 55.3355, -17.2015, 803.5423, 9.0215, 0.0000, 4.5416, 10.1002, 15:35:00
816, 2024-11-09 15:48:27, 70.3482, 56.1659, -17.2025, 803.5423, 9.0249, 0.0000, 4.4852, 10.0780, 15:40:00
816, 2024-11-09 15:53:27, 71.2588, 56.9808, -17.2035, 803.5423, 9.0276, 0.0000, 4.4270, 10.0546, 15:45:00
816, 2024-11-09 15:58:27, 72.1775, 57.7806, -17.2044, 803.5423, 9.0294, 0.0000, 4.3669, 10.0300, 15:50:00
816, 2024-11-09 16:03:27, 73.1040, 58.5660, -17.2054, 803.5423, 9.0303, 0.0000, 4.3051, 10.0041, 15:55:00
816, 2024-12-21 09:14:01, 69.3684, -46.0158, -23.4381, 803.5423, 9.2654, 0.0000, 4.7335, 10.4045, 08:51:00
816, 2024-12-21 09:19:01, 68.5898, -45.1160, -23.4381, 803.5423, 9.2568, 0.0000, 4.7354, 10.3977, 08:56:00
816, 2024-12-21 09:23:01, 67.9757, -44.3842, -23.4381, 803.5423, 9.2497, 0.0000, 4.7377, 10.3925, 09:00:00
816, 2024-12-21 09:28:01, 67.2191, -43.4540, -23.4380, 803.5423, 9.2406, 0.0000, 4.7415, 10.3861, 09:05:00
816, 2024-12-21 09:33:01, 66.4755, -42.5064, -23.4380, 803.5423, 9.2312, 0.0000, 4.7463, 10.3799, 09:10:00
816, 2024-12-21 09:38:01, 65.7453, -41.5411, -23.4380, 803.5423, 9.2217, 0.0000, 4.7520, 10.3741, 09:15:00
816, 2024-12-21 09:43:01, 65.0288, -40.5578, -23.4380, 803.5423, 9.2120, 0.0000, 4.7587, 10.3685, 09:20:00
816, 2024-12-21 09:48:01, 64.3267, -39.5563, -23.4380, 803.5423, 9.2021, 0.0000, 4.7662, 10.3632, 09:25:00
816, 2024-12-21 09:53:01, 63.6393, -38.5363, -23.4380, 803.5423, 9.1921, 0.0000, 4.7746, 10.3582, 09:30:00
816, 2024-12-21 09:58:01, 62.9673, -37.4976, -23.4380, 803.5423, 9.1821, 0.0000, 4.7837, 10.3535, 09:35:00
816, 2024-12-21 10:03:01, 62.3110, -36.4400, -23.4380, 803.5423, 9.1720, 0.0000, 4.7936, 10.3491, 09:40:00
816, 2024-12-21 10:08:01, 61.6710, -35.3634, -23.4380, 803.5423, 9.1619, 0.0000, 4.8043, 10.3451, 09:45:00
816, 2024-12-21 10:13:01, 61.0479, -34.2677, -23.4380, 803.5423, 9.1518, 0.0000, 4.8156, 10.3415, 09:50:00
816, 2024-12-21 10:18:01, 60.4422, -33.1528, -23.4380, 803.5423, 9.1418, 0.0000, 4.8276, 10.3382, 09:55:00
816, 2024-12-21 10:23:01, 59.8544, -32.0186, -23.4380, 803.5423, 9.1318, 0.0000, 4.8401, 10.3352, 10:00:00
816, 2024-12-21 10:28:01, 59.2850, -30.8652, -23.4379, 803.5423, 9.1219, 0.0000, 4.8531, 10.3326, 10:05:00
816, 2024-12-21 10:33:01, 58.7346, -29.6927, -23.4379, 803.5423, 9.1122, 0.0000, 4.8667, 10.3304, 10:10:00
816, 2024-12-21 10:38:01, 58.2038, -28.5011, -23.4379, 803.5423, 9.1026, 0.0000, 4.8807, 10.3285, 10:15:00
816, 2024-12-21 10:43:01, 57.6931, -27.2906, -23.4379, 803.5423, 9.0931, 0.0000, 4.8950, 10.3270, 10:20:00
816, 2024-12-21 10:48:01, 57.2030, -26.0616, -23.4379, 803.5423, 9.0839, 0.0000, 4.9097, 10.3258, 10:25:00
816, 2024-12-21 10:53:01, 56.7341, -24.8142, -23.4379, 803.5423, 9.0748, 0.0000, 4.9247, 10.3250, 10:30:00
816, 2024-12-21 10:58:01, 56.2869, -23.5489, -23.4379, 803.5423, 9.0660, 0.0000, 4.9399, 10.3245, 10:35:00
816, 2024-12-21 11:03:01, 55.8619, -22.2662, -23.4379, 803.5423, 9.0574, 0.0000, 4.9553, 10.3243, 10:40:00
816, 2024-12-21 11:08:01, 55.4597, -20.9664, -23.4379, 803.5423, 9.0491, 0.0000, 4.9708, 10.3245, 10:45:00
816, 2024-12-21 11:13:01, 55.0808, -19.6503, -23.4379, 803.5423, 9.0411, 0.0000, 4.9863, 10.3250, 10:50:00
816, 2024-12-21 11:18:01, 54.7256, -18.3184, -23.4379, 803.5423, 9.0334, 0.0000, 5.0019, 10.3257, 10:55:00
816, 2024-12-21 11:23:01, 54.3947, -16.9716, -23.4378, 803.5423, 9.0260, 0.0000, 5.0174, 10.3268, 11:00:00
816, 2024-12-21 11:28:01, 54.0884, -15.6105, -23.4378, 803.5423, 9.0190, 0.0000, 5.0328, 10.3281, 11:05:00
816, 2024-12-21 11:33:01, 53.8072, -14.2362, -23.4378, 803.5423, 9.0122, 0.0000, 5.0480, 10.3297, 11:10:00
816, 2024-12-21 11:38:01, 53.5515, -12.8495, -23.4378, 803.5423, 9.0059, 0.0000, 5.0631, 10.3315, 11:15:00
816, 2024-12-21 11:43:01, 53.3217, -11.4515, -23.4378, 803.5423, 8.9999, 0.0000, 5.0778, 10.3336, 11:20:00
816, 2024-12-21 11:48:01, 53.1181, -10.0432, -23.4378, 803.5423, 8.9943, 0.0000, 5.0922, 10.3358, 11:25:00
816, 2024-12-21 11:53:01, 52.9410, -8.6258, -23.4378, 803.5423, 8.9891, 0.0000, 5.1063, 10.3382, 11:30:00
816, 2024-12-21 11:58:01, 52.7907, -7.2005, -23.4378, 803.5423, 8.9843, 0.0000, 5.1199, 10.3407, 11:35:00
816, 2024-12-21 12:03:01, 52.6673, -5.7685, -23.4378, 803.5423, 8.9799, 0.0000, 5.1330, 10.3434, 11:40:00
816, 2024-12-21 12:08:01, 52.5712, -4.3312, -23.4377, 803.5423, 8.9759, 0.0000, 5.1455, 10.3461, 11:45:00
816, 2024-12-21 12:13:01, 52.5024, -2.8897, -23.4377, 803.5423, 8.9723, 0.0000, 5.1574, 10.3490, 11:50:00
816, 2024-12-21 12:18:01, 52.4611, -1.4456, -23.4377, 803.5423, 8.9691, 0.0000, 5.1687, 10.3518, 11:55:00
816, 2024-12-21 12:23:01, 52.4474, -0.0001, -23.4377, 803.5423, 8.9664, 0.0000, 5.1792, 10.3547, 12:00:00
816, 2024-12-21 12:28:01, 52.4611, 1.4455, -23.4377, 803.5423, 8.9640, 0.0000, 5.1890, 10.3576, 12:05:00
816, 2024-12-21 12:33:01, 52.5024, 2.8896, -23.4377, 803.5423, 8.9621, 0.0000, 5.1979, 10.3604, 12:10:00
816, 2024-12-21 12:38:01, 52.5711, 4.3311, -23.4377, 803.5423, 8.9606, 0.0000, 5.2060, 10.3632, 12:15:00
816, 2024-12-21 12:43:01, 52.6672, 5.7684, -23.4377, 803.5423, 8.9595, 0.0000, 5.2131, 10.3658, 12:20:00
816, 2024-12-21 12:48:01, 52.7905, 7.2004, -23.4377, 803.5423, 8.9588, 0.0000, 5.2193, 10.3683, 12:25:00
816, 2024-12-21 12:53:01, 52.9408, 8.6257, -23.4376, 803.5423, 8.9586, 0.0000, 5.2244, 10.3707, 12:30:00
816, 2024-12-21 12:58:01, 53.1179, 10.0431, -23.4376, 803.5423, 8.9587, 0.0000, 5.2285, 10.3728, 12:35:00
816, 2024-12-21 13:03:01, 53.3215, 11.4514, -23.4376, 803.5423, 8.9592, 0.0000, 5.2314, 10.3747, 12:40:00
816, 2024-12-21 13:08:01, 53.5513, 12.8494, -23.4376, 803.5423, 8.9601, 0.0000, 5.2332, 10.3764, 12:45:00
816, 2024-12-21 13:13:01, 53.8070, 14.2361, -23.4376, 803.5423, 8.9613, 0.0000, 5.2338, 10.3777, 12:50:00
816, 2024-12-21 13:18:01, 54.0881, 15.6105, -23.4376, 803.5423, 8.9629, 0.0000, 5.2331, 10.3788, 12:55:00
816, 2024-12-21 13:23:01, 54.3944, 16.9715, -23.4376, 803.5423, 8.9649, 0.0000, 5.2312, 10.3795, 13:00:00
816, 2024-12-21 13:28:01, 54.7253, 18.3184, -23.4376, 803.5423, 8.9671, 0.0000, 5.2279, 10.3798, 13:05:00
816, 2024-12-21 13:33:01, 55.0805, 19.6503, -23.4375, 803.5423, 8.9697, 0.0000, 5.2232, 10.3797, 13:10:00
816, 2024-12-21 13:38:01, 55.4594, 20.9665, -23.4375, 803.5423, 8.9726, 0.0000, 5.2172, 10.3791, 13:15:00
816, 2024-12-21 13:43:01, 55.8616, 22.2662, -23.4375, 803.5423, 8.9757, 0.0000, 5.2097, 10.3780, 13:20:00
816, 2024-12-21 13:48:01, 56.2865, 23.5490, -23.4375, 803.5423, 8.9791, 0.0000, 5.2007, 10.3765, 13:25:00
816, 2024-12-21 13:53:01, 56.7337, 24.8143, -23.4375, 803.5423, 8.9827, 0.0000, 5.1903, 10.3744, 13:30:00
816, 2024-12-21 13:58:01, 57.2026, 26.0617, -23.4375, 803.5423, 8.9865, 0.0000, 5.1783, 10.3717, 13:35:00
816, 2024-12-21 14:03:01, 57.6926, 27.2908, -23.4375, 803.5423, 8.9905, 0.0000, 5.1648, 10.3684, 13:40:00
816, 2024-12-21 14:08:01, 58.2034, 28.5012, -23.4375, 803.5423, 8.9947, 0.0000, 5.1497, 10.3645, 13:45:00
816, 2024-12-21 14:13:01, 58.7342, 29.6928, -23.4374, 803.5423, 8.9990, 0.0000, 5.1330, 10.3600, 13:50:00
816, 2024-12-21 14:18:01, 59.2845, 30.8654, -23.4374, 803.5423, 9.0034, 0.0000, 5.1146, 10.3547, 13:55:00
816, 2024-12-21 14:23:01, 59.8539, 32.0188, -23.4374, 803.5423, 9.0078, 0.0000, 5.0947, 10.3487, 14:00:00
816, 2024-12-21 14:28:01, 60.4417, 33.1530, -23.4374, 803.5423, 9.0123, 0.0000, 5.0730, 10.3420, 14:05:00
816, 2024-12-21 14:33:01, 61.0474, 34.2680, -23.4374, 803.5423, 9.0168, 0.0000, 5.0497, 10.3346, 14:10:00
816, 2024-12-21 14:38:01, 61.6705, 35.3637, -23.4374, 803.5423, 9.0213, 0.0000, 5.0247, 10.3263, 14:15:00
816, 2024-12-21 14:43:01, 62.3104, 36.4403, -23.4374, 803.5423, 9.0258, 0.0000, 4.9981, 10.3172, 14:20:00
816, 2024-12-21 14:48:01, 62.9667, 37.4979, -23.4373, 803.5423, 9.0301, 0.0000, 4.9697, 10.3073, 14:25:00
816, 2024-12-21 14:53:01, 63.6387, 38.5366, -23.4373, 803.5423, 9.0343, 0.0000, 4.9396, 10.2965, 14:30:00
816, 2024-12-21 14:58:01, 64.3261, 39.5566, -23.4373, 803.5423, 9.0383, 0.0000, 4.9078, 10.2848, 14:35:00
816, 2024-12-21 15:03:01, 65.0282, 40.5582, -23.4373, 803.5423, 9.0421, 0.0000, 4.8742, 10.2722, 14:40:00
816, 2024-12-21 15:08:01, 65.7446, 41.5415, -23.4373, 803.5423, 9.0457, 0.0000, 4.8389, 10.2587, 14:45:00
816, 2024-12-21 15:13:01, 66.4749, 42.5068, -23.4373, 803.5423, 9.0490, 0.0000, 4.8020, 10.2441, 14:50:00
816, 2024-12-21 15:18:01, 67.2185, 43.4545, -23.4373, 803.5423, 9.0519, 0.0000, 4.7633, 10.2287, 14:55:00
816, 2024-12-21 15:23:01, 67.9750, 44.3847, -23.4372, 803.5423, 9.0544, 0.0000, 4.7229, 10.2122, 15:00:00
816, 2024-12-21 15:28:01, 68.7439, 45.2979, -23.4372, 803.5423, 9.0566, 0.0000, 4.6808, 10.1947, 15:05:00
816, 2024-12-21 15:33:01, 69.5249, 46.1943, -23.4372, 803.5423, 9.0582, 0.0000, 4.6370, 10.1761, 15:10:00
816, 2024-12-21 15:38:01, 70.3174, 47.0743, -23.4372, 803.5423, 9.0593, 0.0000, 4.5915, 10.1565, 15:15:00
816, 2024-12-21 15:43:01, 71.1211, 47.9382, -23.4372, 803.5423, 9.0599, 0.0000, 4.5444, 10.1358, 15:20:00
816, 2024-12-21 15:48:01, 71.9356, 48.7865, -23.4372, 803.5423, 9.0599, 0.0000, 4.4956, 10.1140, 15:25:00
816, 2024-12-21 15:53:01, 72.7604, 49.6194, -23.4372, 803.5423, 9.0592, 0.0000, 4.4453, 10.0910, 15:30:00
816, 2024-12-21 15:58:01, 73.5951, 50.4373, -23.4371, 803.5423, 9.0577, 0.0000, 4.3933, 10.0670, 15:35:00
816, 2024-12-21 16:03:01, 74.4394, 51.2407, -23.4371, 803.5423, 9.0556, 0.0000, 4.3397, 10.0417, 15:40:00
816, 2024-12-21 16:08:01, 75.2929, 52.0298, -23.4371, 803.5423, 9.0525, 0.0000, 4.2847, 10.0153, 15:45:00
816, 2024-12-21 16:13:01, 76.1551, 52.8050, -23.4371, 803.5423, 9.0487, 0.0000, 4.2281, 9.9878, 15:50:00
816, 2024-12-21 16:18:01, 77.0258, 53.5667, -23.4371, 803.5423, 9.0439, 0.0000, 4.1700, 9.9590, 15:55:00
