0.000000	0.001996
0.010000	0.003984
0.020000	0.005964
0.030000	0.007936
0.040000	0.009901
0.050000	0.011857
0.060000	0.013806
0.070000	0.015747
0.080000	0.017680
0.090000	0.019605
0.100000	0.021523
0.110000	0.023433
0.120000	0.025336
0.130000	0.027230
0.140000	0.029118
0.150000	0.030997
0.160000	0.032870
0.170000	0.034734
0.180000	0.036592
0.190000	0.038442
0.200000	0.040284
0.210000	0.042119
0.220000	0.043947
0.230000	0.045768
0.240000	0.047581
0.250000	0.049387
0.260000	0.051186
0.270000	0.052978
0.280000	0.054762
0.290000	0.056540
0.300000	0.058310
0.310000	0.060073
0.320000	0.061829
0.330000	0.063579
0.340000	0.065321
0.350000	0.067056
0.360000	0.068784
0.370000	0.070506
0.380000	0.072220
0.390000	0.073928
0.400000	0.075629
0.410000	0.077323
0.420000	0.079010
0.430000	0.080691
0.440000	0.082365
0.450000	0.084032
0.460000	0.085692
0.470000	0.087346
0.480000	0.088994
0.490000	0.090634
0.500000	0.092269
0.510000	0.093896
0.520000	0.095517
0.530000	0.097132
0.540000	0.098740
0.550000	0.100342
0.560000	0.101938
0.570000	0.103527
0.580000	0.105109
0.590000	0.106686
0.600000	0.108256
0.610000	0.109820
0.620000	0.111377
0.630000	0.112929
0.640000	0.114474
0.650000	0.116013
0.660000	0.117546
0.670000	0.119073
0.680000	0.120593
0.690000	0.122108
0.700000	0.123616
0.710000	0.125119
0.720000	0.126615
0.730000	0.128106
0.740000	0.129591
0.750000	0.131069
0.760000	0.132542
0.770000	0.134009
0.780000	0.135470
0.790000	0.136925
0.800000	0.138375
0.810000	0.139818
0.820000	0.141256
0.830000	0.142688
0.840000	0.144115
0.850000	0.145535
0.860000	0.146950
0.870000	0.148360
0.880000	0.149763
0.890000	0.151162
0.900000	0.152554
0.910000	0.153941
0.920000	0.155323
0.930000	0.156698
0.940000	0.158069
0.950000	0.159434
0.960000	0.160793
0.970000	0.162148
0.980000	0.163496
0.990000	0.164840
1.000000	0.166178
1.010000	0.167510
1.020000	0.168837
1.030000	0.170159
1.040000	0.171476
1.050000	0.172788
1.060000	0.174094
1.070000	0.175395
1.080000	0.176691
1.090000	0.177981
1.100000	0.179267
1.110000	0.180547
1.120000	0.181823
1.130000	0.183093
1.140000	0.184358
1.150000	0.185618
1.160000	0.186873
1.170000	0.188123
1.180000	0.189368
1.190000	0.190608
1.200000	0.191843
1.210000	0.193073
1.220000	0.194298
1.230000	0.195519
1.240000	0.196734
1.250000	0.197945
1.260000	0.199151
1.270000	0.200352
1.280000	0.201548
1.290000	0.202739
1.300000	0.203926
1.310000	0.205108
1.320000	0.206285
1.330000	0.207458
1.340000	0.208625
1.350000	0.209789
1.360000	0.210947
1.370000	0.212101
1.380000	0.213250
1.390000	0.214395
1.400000	0.215535
1.410000	0.216671
1.420000	0.217802
1.430000	0.218928
1.440000	0.220050
1.450000	0.221168
1.460000	0.222281
1.470000	0.223390
1.480000	0.224494
1.490000	0.225594
1.500000	0.226689
1.510000	0.227780
1.520000	0.228867
1.530000	0.229949
1.540000	0.231027
1.550000	0.232101
1.560000	0.233171
1.570000	0.234236
1.580000	0.235297
1.590000	0.236353
1.600000	0.237406
1.610000	0.238454
1.620000	0.239498
1.630000	0.240538
1.640000	0.241574
1.650000	0.242606
1.660000	0.243633
1.670000	0.244656
1.680000	0.245676
1.690000	0.246691
1.700000	0.247702
1.710000	0.248709
1.720000	0.249713
1.730000	0.250712
1.740000	0.251707
1.750000	0.252698
1.760000	0.253685
1.770000	0.254669
1.780000	0.255648
1.790000	0.256623
1.800000	0.257595
1.810000	0.258563
1.820000	0.259526
1.830000	0.260486
1.840000	0.261443
1.850000	0.262395
1.860000	0.263343
1.870000	0.264288
1.880000	0.265229
1.890000	0.266166
1.900000	0.267100
1.910000	0.268030
1.920000	0.268956
1.930000	0.269878
1.940000	0.270797
1.950000	0.271711
1.960000	0.272623
1.970000	0.273531
1.980000	0.274435
1.990000	0.275335
2.000000	0.276232
2.010000	0.277125
2.020000	0.278015
2.030000	0.278901
2.040000	0.279784
2.050000	0.280663
2.060000	0.281538
2.070000	0.282410
2.080000	0.283279
2.090000	0.284144
2.100000	0.285006
2.110000	0.285864
2.120000	0.286719
2.130000	0.287570
2.140000	0.288418
2.150000	0.289263
2.160000	0.290104
2.170000	0.290942
2.180000	0.291777
2.190000	0.292608
2.200000	0.293436
2.210000	0.294261
2.220000	0.295082
2.230000	0.295900
2.240000	0.296715
2.250000	0.297526
2.260000	0.298334
2.270000	0.299140
2.280000	0.299941
2.290000	0.300740
2.300000	0.301535
2.310000	0.302328
2.320000	0.303117
2.330000	0.303903
2.340000	0.304686
2.350000	0.305465
2.360000	0.306242
2.370000	0.307015
2.380000	0.307786
2.390000	0.308553
2.400000	0.309317
2.410000	0.310079
2.420000	0.310837
2.430000	0.311592
2.440000	0.312344
2.450000	0.313093
2.460000	0.313839
2.470000	0.314582
2.480000	0.315323
2.490000	0.316060
2.500000	0.316794
2.510000	0.317525
2.520000	0.318254
2.530000	0.318979
2.540000	0.319702
2.550000	0.320422
2.560000	0.321139
2.570000	0.321853
2.580000	0.322564
2.590000	0.323272
2.600000	0.323978
2.610000	0.324680
2.620000	0.325380
2.630000	0.326077
2.640000	0.326772
2.650000	0.327463
2.660000	0.328152
2.670000	0.328838
2.680000	0.329521
2.690000	0.330202
2.700000	0.330880
2.710000	0.331555
2.720000	0.332227
2.730000	0.332897
2.740000	0.333564
2.750000	0.334228
2.760000	0.334890
2.770000	0.335549
2.780000	0.336206
2.790000	0.336860
2.800000	0.337511
2.810000	0.338160
2.820000	0.338806
2.830000	0.339449
2.840000	0.340090
2.850000	0.340728
2.860000	0.341364
2.870000	0.341997
2.880000	0.342628
2.890000	0.343256
2.900000	0.343882
2.910000	0.344505
2.920000	0.345126
2.930000	0.345744
2.940000	0.346360
2.950000	0.346973
2.960000	0.347584
2.970000	0.348193
2.980000	0.348799
2.990000	0.349402
3.000000	0.350004
3.010000	0.350602
3.020000	0.351199
3.030000	0.351793
3.040000	0.352384
3.050000	0.352974
3.060000	0.353561
3.070000	0.354145
3.080000	0.354727
3.090000	0.355307
3.100000	0.355885
3.110000	0.356460
3.120000	0.357033
3.130000	0.357604
3.140000	0.358173
3.150000	0.358739
3.160000	0.359303
3.170000	0.359864
3.180000	0.360424
3.190000	0.360981
3.200000	0.361536
3.210000	0.362089
3.220000	0.362639
3.230000	0.363187
3.240000	0.363734
3.250000	0.364278
3.260000	0.364819
3.270000	0.365359
3.280000	0.365897
3.290000	0.366432
3.300000	0.366965
3.310000	0.367496
3.320000	0.368025
3.330000	0.368552
3.340000	0.369077
3.350000	0.369599
3.360000	0.370120
3.370000	0.370638
3.380000	0.371155
3.390000	0.371669
3.400000	0.372181
3.410000	0.372692
3.420000	0.373200
3.430000	0.373706
3.440000	0.374210
3.450000	0.374712
3.460000	0.375213
3.470000	0.375711
3.480000	0.376207
3.490000	0.376701
3.500000	0.377193
3.510000	0.377684
3.520000	0.378172
3.530000	0.378658
3.540000	0.379143
3.550000	0.379625
3.560000	0.380106
3.570000	0.380584
3.580000	0.381061
3.590000	0.381536
3.600000	0.382009
3.610000	0.382480
3.620000	0.382949
3.630000	0.383416
3.640000	0.383881
3.650000	0.384345
3.660000	0.384807
3.670000	0.385267
3.680000	0.385725
3.690000	0.386181
3.700000	0.386635
3.710000	0.387088
3.720000	0.387538
3.730000	0.387987
3.740000	0.388434
3.750000	0.388880
3.760000	0.389323
3.770000	0.389765
3.780000	0.390205
3.790000	0.390644
3.800000	0.391080
3.810000	0.391515
3.820000	0.391948
3.830000	0.392379
3.840000	0.392809
3.850000	0.393237
3.860000	0.393663
3.870000	0.394088
3.880000	0.394510
3.890000	0.394932
3.900000	0.395351
3.910000	0.395769
3.920000	0.396185
3.930000	0.396599
3.940000	0.397012
3.950000	0.397423
3.960000	0.397833
3.970000	0.398240
3.980000	0.398647
3.990000	0.399051
4.000000	0.399454
4.010000	0.399856
4.020000	0.400255
4.030000	0.400654
4.040000	0.401050
4.050000	0.401445
4.060000	0.401839
4.070000	0.402231
4.080000	0.402621
4.090000	0.403010
4.100000	0.403397
4.110000	0.403782
4.120000	0.404166
4.130000	0.404549
4.140000	0.404930
4.150000	0.405310
4.160000	0.405688
4.170000	0.406064
4.180000	0.406439
4.190000	0.406813
4.200000	0.407185
4.210000	0.407555
4.220000	0.407924
4.230000	0.408292
4.240000	0.408658
4.250000	0.409022
4.260000	0.409386
4.270000	0.409747
4.280000	0.410108
4.290000	0.410467
4.300000	0.410824
4.310000	0.411180
4.320000	0.411534
4.330000	0.411888
4.340000	0.412239
4.350000	0.412590
4.360000	0.412939
4.370000	0.413286
4.380000	0.413632
4.390000	0.413977
4.400000	0.414321
4.410000	0.414663
4.420000	0.415003
4.430000	0.415343
4.440000	0.415681
4.450000	0.416017
4.460000	0.416352
4.470000	0.416686
4.480000	0.417019
4.490000	0.417350
4.500000	0.417680
4.510000	0.418009
4.520000	0.418336
4.530000	0.418662
4.540000	0.418987
4.550000	0.419310
4.560000	0.419632
4.570000	0.419953
4.580000	0.420273
4.590000	0.420591
4.600000	0.420908
4.610000	0.421224
4.620000	0.421538
4.630000	0.421851
4.640000	0.422163
4.650000	0.422474
4.660000	0.422784
4.670000	0.423092
4.680000	0.423399
4.690000	0.423705
4.700000	0.424009
4.710000	0.424312
4.720000	0.424615
4.730000	0.424916
4.740000	0.425215
4.750000	0.425514
4.760000	0.425811
4.770000	0.426107
4.780000	0.426402
4.790000	0.426696
4.800000	0.426989
4.810000	0.427280
4.820000	0.427571
4.830000	0.427860
4.840000	0.428148
4.850000	0.428434
4.860000	0.428720
4.870000	0.429005
4.880000	0.429288
4.890000	0.429570
4.900000	0.429852
4.910000	0.430132
4.920000	0.430411
4.930000	0.430688
4.940000	0.430965
4.950000	0.431241
4.960000	0.431515
4.970000	0.431788
4.980000	0.432061
4.990000	0.432332
5.000000	0.432602
5.010000	0.432871
5.020000	0.433139
5.030000	0.433406
5.040000	0.433672
5.050000	0.433937
5.060000	0.434200
5.070000	0.434463
5.080000	0.434725
5.090000	0.434985
5.100000	0.435245
5.110000	0.435503
5.120000	0.435761
5.130000	0.436017
5.140000	0.436273
5.150000	0.436527
5.160000	0.436780
5.170000	0.437033
5.180000	0.437284
5.190000	0.437535
5.200000	0.437784
5.210000	0.438032
5.220000	0.438280
5.230000	0.438526
5.240000	0.438771
5.250000	0.439016
5.260000	0.439259
5.270000	0.439502
5.280000	0.439743
5.290000	0.439984
5.300000	0.440223
5.310000	0.440462
5.320000	0.440700
5.330000	0.440936
5.340000	0.441172
5.350000	0.441407
5.360000	0.441641
5.370000	0.441874
5.380000	0.442106
5.390000	0.442337
5.400000	0.442567
5.410000	0.442797
5.420000	0.443025
5.430000	0.443252
5.440000	0.443479
5.450000	0.443705
5.460000	0.443929
5.470000	0.444153
5.480000	0.444376
5.490000	0.444598
5.500000	0.444819
5.510000	0.445040
5.520000	0.445259
5.530000	0.445477
5.540000	0.445695
5.550000	0.445912
5.560000	0.446128
5.570000	0.446343
5.580000	0.446557
5.590000	0.446770
5.600000	0.446983
5.610000	0.447195
5.620000	0.447405
5.630000	0.447615
5.640000	0.447824
5.650000	0.448033
5.660000	0.448240
5.670000	0.448447
5.680000	0.448653
5.690000	0.448858
5.700000	0.449062
5.710000	0.449265
5.720000	0.449468
5.730000	0.449669
5.740000	0.449870
5.750000	0.450070
5.760000	0.450270
5.770000	0.450468
5.780000	0.450666
5.790000	0.450863
5.800000	0.451059
5.810000	0.451254
5.820000	0.451449
5.830000	0.451643
5.840000	0.451836
5.850000	0.452028
5.860000	0.452220
5.870000	0.452410
5.880000	0.452600
5.890000	0.452790
5.900000	0.452978
5.910000	0.453166
5.920000	0.453353
5.930000	0.453539
5.940000	0.453724
5.950000	0.453909
5.960000	0.454093
5.970000	0.454276
5.980000	0.454459
5.990000	0.454641
6.000000	0.454822
6.010000	0.455002
6.020000	0.455182
6.030000	0.455361
6.040000	0.455539
6.050000	0.455716
6.060000	0.455893
6.070000	0.456069
6.080000	0.456245
6.090000	0.456419
6.100000	0.456593
6.110000	0.456767
6.120000	0.456939
6.130000	0.457111
6.140000	0.457282
6.150000	0.457453
6.160000	0.457623
6.170000	0.457792
6.180000	0.457960
6.190000	0.458128
6.200000	0.458295
6.210000	0.458462
6.220000	0.458628
6.230000	0.458793
6.240000	0.458957
6.250000	0.459121
6.260000	0.459284
6.270000	0.459447
6.280000	0.459609
6.290000	0.459770
6.300000	0.459931
6.310000	0.460090
6.320000	0.460250
6.330000	0.460408
6.340000	0.460567
6.350000	0.460724
6.360000	0.460881
6.370000	0.461037
6.380000	0.461192
6.390000	0.461347
6.400000	0.461502
6.410000	0.461655
6.420000	0.461808
6.430000	0.461961
6.440000	0.462113
6.450000	0.462264
6.460000	0.462415
6.470000	0.462565
6.480000	0.462714
6.490000	0.462863
6.500000	0.463011
6.510000	0.463159
6.520000	0.463306
6.530000	0.463452
6.540000	0.463598
6.550000	0.463744
6.560000	0.463888
6.570000	0.464033
6.580000	0.464176
6.590000	0.464319
6.600000	0.464462
6.610000	0.464603
6.620000	0.464745
6.630000	0.464885
6.640000	0.465026
6.650000	0.465165
6.660000	0.465304
6.670000	0.465443
6.680000	0.465581
6.690000	0.465718
6.700000	0.465855
6.710000	0.465991
6.720000	0.466127
6.730000	0.466262
6.740000	0.466397
6.750000	0.466531
6.760000	0.466665
6.770000	0.466798
6.780000	0.466930
6.790000	0.467062
6.800000	0.467194
6.810000	0.467325
6.820000	0.467455
6.830000	0.467585
6.840000	0.467715
6.850000	0.467843
6.860000	0.467972
6.870000	0.468100
6.880000	0.468227
6.890000	0.468354
6.900000	0.468480
6.910000	0.468606
6.920000	0.468731
6.930000	0.468856
6.940000	0.468981
6.950000	0.469104
6.960000	0.469228
6.970000	0.469351
6.980000	0.469473
6.990000	0.469595
7.000000	0.469716
7.010000	0.469837
7.020000	0.469957
7.030000	0.470077
7.040000	0.470197
7.050000	0.470316
7.060000	0.470434
7.070000	0.470552
7.080000	0.470670
7.090000	0.470787
7.100000	0.470904
7.110000	0.471020
7.120000	0.471135
7.130000	0.471251
7.140000	0.471365
7.150000	0.471480
7.160000	0.471594
7.170000	0.471707
7.180000	0.471820
7.190000	0.471932
7.200000	0.472044
7.210000	0.472156
7.220000	0.472267
7.230000	0.472378
7.240000	0.472488
7.250000	0.472598
7.260000	0.472707
7.270000	0.472816
7.280000	0.472925
7.290000	0.473033
7.300000	0.473141
7.310000	0.473248
7.320000	0.473355
7.330000	0.473461
7.340000	0.473567
7.350000	0.473672
7.360000	0.473778
7.370000	0.473882
7.380000	0.473986
7.390000	0.474090
7.400000	0.474194
7.410000	0.474297
7.420000	0.474399
7.430000	0.474502
7.440000	0.474603
7.450000	0.474705
7.460000	0.474806
7.470000	0.474906
7.480000	0.475006
7.490000	0.475106
7.500000	0.475206
7.510000	0.475305
7.520000	0.475403
7.530000	0.475501
7.540000	0.475599
7.550000	0.475697
7.560000	0.475794
7.570000	0.475890
7.580000	0.475986
7.590000	0.476082
7.600000	0.476178
7.610000	0.476273
7.620000	0.476368
7.630000	0.476462
7.640000	0.476556
7.650000	0.476650
7.660000	0.476743
7.670000	0.476836
7.680000	0.476928
7.690000	0.477020
7.700000	0.477112
7.710000	0.477203
7.720000	0.477294
7.730000	0.477385
7.740000	0.477475
7.750000	0.477565
7.760000	0.477655
7.770000	0.477744
7.780000	0.477833
7.790000	0.477921
7.800000	0.478009
7.810000	0.478097
7.820000	0.478185
7.830000	0.478272
7.840000	0.478358
7.850000	0.478445
7.860000	0.478531
7.870000	0.478617
7.880000	0.478702
7.890000	0.478787
7.900000	0.478872
7.910000	0.478956
7.920000	0.479040
7.930000	0.479124
7.940000	0.479207
7.950000	0.479290
7.960000	0.479373
7.970000	0.479455
7.980000	0.479537
7.990000	0.479619
8.000000	0.479700
8.010000	0.479781
8.020000	0.479862
8.030000	0.479942
8.040000	0.480022
8.050000	0.480102
8.060000	0.480181
8.070000	0.480261
8.080000	0.480339
8.090000	0.480418
8.100000	0.480496
8.110000	0.480574
8.120000	0.480651
8.130000	0.480729
8.140000	0.480806
8.150000	0.480882
8.160000	0.480959
8.170000	0.481035
8.180000	0.481110
8.190000	0.481186
8.200000	0.481261
8.210000	0.481336
8.220000	0.481410
8.230000	0.481484
8.240000	0.481558
8.250000	0.481632
8.260000	0.481705
8.270000	0.481778
8.280000	0.481851
8.290000	0.481923
8.300000	0.481996
8.310000	0.482067
8.320000	0.482139
8.330000	0.482210
8.340000	0.482281
8.350000	0.482352
8.360000	0.482423
8.370000	0.482493
8.380000	0.482563
8.390000	0.482632
8.400000	0.482702
8.410000	0.482771
8.420000	0.482839
8.430000	0.482908
8.440000	0.482976
8.450000	0.483044
8.460000	0.483112
8.470000	0.483179
8.480000	0.483246
8.490000	0.483313
8.500000	0.483380
8.510000	0.483446
8.520000	0.483512
8.530000	0.483578
8.540000	0.483644
8.550000	0.483709
8.560000	0.483774
8.570000	0.483839
8.580000	0.483903
8.590000	0.483968
8.600000	0.484032
8.610000	0.484095
8.620000	0.484159
8.630000	0.484222
8.640000	0.484285
8.650000	0.484348
8.660000	0.484410
8.670000	0.484472
8.680000	0.484534
8.690000	0.484596
8.700000	0.484658
8.710000	0.484719
8.720000	0.484780
8.730000	0.484841
8.740000	0.484901
8.750000	0.484961
8.760000	0.485021
8.770000	0.485081
8.780000	0.485141
8.790000	0.485200
8.800000	0.485259
8.810000	0.485318
8.820000	0.485377
8.830000	0.485435
8.840000	0.485493
8.850000	0.485551
8.860000	0.485609
8.870000	0.485666
8.880000	0.485723
8.890000	0.485780
8.900000	0.485837
8.910000	0.485894
8.920000	0.485950
8.930000	0.486006
8.940000	0.486062
8.950000	0.486118
8.960000	0.486173
8.970000	0.486228
8.980000	0.486283
8.990000	0.486338
9.000000	0.486393
9.010000	0.486447
9.020000	0.486501
9.030000	0.486555
9.040000	0.486609
9.050000	0.486662
9.060000	0.486715
9.070000	0.486768
9.080000	0.486821
9.090000	0.486874
9.100000	0.486926
9.110000	0.486978
9.120000	0.487030
9.130000	0.487082
9.140000	0.487134
9.150000	0.487185
9.160000	0.487236
9.170000	0.487287
9.180000	0.487338
9.190000	0.487388
9.200000	0.487439
9.210000	0.487489
9.220000	0.487539
9.230000	0.487589
9.240000	0.487638
9.250000	0.487687
9.260000	0.487737
9.270000	0.487786
9.280000	0.487834
9.290000	0.487883
9.300000	0.487931
9.310000	0.487979
9.320000	0.488027
9.330000	0.488075
9.340000	0.488123
9.350000	0.488170
9.360000	0.488217
9.370000	0.488265
9.380000	0.488311
9.390000	0.488358
9.400000	0.488404
9.410000	0.488451
9.420000	0.488497
9.430000	0.488543
9.440000	0.488589
9.450000	0.488634
9.460000	0.488679
9.470000	0.488725
9.480000	0.488770
9.490000	0.488815
9.500000	0.488859
9.510000	0.488904
9.520000	0.488948
9.530000	0.488992
9.540000	0.489036
9.550000	0.489080
9.560000	0.489123
9.570000	0.489167
9.580000	0.489210
9.590000	0.489253
9.600000	0.489296
9.610000	0.489339
9.620000	0.489381
9.630000	0.489424
9.640000	0.489466
9.650000	0.489508
9.660000	0.489550
9.670000	0.489592
9.680000	0.489633
9.690000	0.489674
9.700000	0.489716
9.710000	0.489757
9.720000	0.489798
9.730000	0.489838
9.740000	0.489879
9.750000	0.489919
9.760000	0.489960
9.770000	0.490000
9.780000	0.490040
9.790000	0.490079
9.800000	0.490119
9.810000	0.490158
9.820000	0.490198
9.830000	0.490237
9.840000	0.490276
9.850000	0.490315
9.860000	0.490353
9.870000	0.490392
9.880000	0.490430
9.890000	0.490468
9.900000	0.490506
9.910000	0.490544
9.920000	0.490582
9.930000	0.490620
9.940000	0.490657
9.950000	0.490694
9.960000	0.490732
9.970000	0.490769
9.980000	0.490805
9.990000	0.490842
10.000000	0.490879
